5	1.19021e-09
4.998	1.20144e-09
4.996	1.21181e-09
4.994	1.22129e-09
4.992	1.22986e-09
4.99	1.2375e-09
4.988	1.2442e-09
4.986	1.24993e-09
4.984	1.25469e-09
4.982	1.25845e-09
4.98	1.26123e-09
4.978	1.26299e-09
4.976	1.26376e-09
4.974	1.26351e-09
4.972	1.26226e-09
4.97	1.26e-09
4.968	1.25675e-09
4.966	1.2525e-09
4.964	1.24728e-09
4.962	1.24109e-09
4.96	1.23394e-09
4.958	1.22587e-09
4.956	1.21688e-09
4.954	1.207e-09
4.952	1.19625e-09
4.95	1.18466e-09
4.948	1.17225e-09
4.946	1.15906e-09
4.944	1.14511e-09
4.942	1.13044e-09
4.94	1.11509e-09
4.938	1.09908e-09
4.936	1.08246e-09
4.934	1.06525e-09
4.932	1.04751e-09
4.93	1.02927e-09
4.928	1.01057e-09
4.926	9.91456e-10
4.924	9.71959e-10
4.922	9.52127e-10
4.92	9.31999e-10
4.918	9.11619e-10
4.916	8.91028e-10
4.914	8.70268e-10
4.912	8.49379e-10
4.91	8.28405e-10
4.908	8.07384e-10
4.906	7.86357e-10
4.904	7.65363e-10
4.902	7.44442e-10
4.9	7.23631e-10
4.898	7.02967e-10
4.896	6.82487e-10
4.894	6.62226e-10
4.892	6.42219e-10
4.89	6.22498e-10
4.888	6.03095e-10
4.886	5.84042e-10
4.884	5.65368e-10
4.882	5.47102e-10
4.88	5.29272e-10
4.878	5.11904e-10
4.876	4.95022e-10
4.874	4.78651e-10
4.872	4.62813e-10
4.87	4.4753e-10
4.868	4.32822e-10
4.866	4.18708e-10
4.864	4.05207e-10
4.862	3.92334e-10
4.86	3.80107e-10
4.858	3.6854e-10
4.856	3.57647e-10
4.854	3.4744e-10
4.852	3.37931e-10
4.85	3.29132e-10
4.848	3.21052e-10
4.846	3.13699e-10
4.844	3.07084e-10
4.842	3.01212e-10
4.84	2.96091e-10
4.838	2.91726e-10
4.836	2.88123e-10
4.834	2.85286e-10
4.832	2.83218e-10
4.83	2.81922e-10
4.828	2.81401e-10
4.826	2.81656e-10
4.824	2.82688e-10
4.822	2.84497e-10
4.82	2.87082e-10
4.818	2.90442e-10
4.816	2.94576e-10
4.814	2.99479e-10
4.812	3.0515e-10
4.81	3.11582e-10
4.808	3.18773e-10
4.806	3.26714e-10
4.804	3.354e-10
4.802	3.44823e-10
4.8	3.54975e-10
4.798	3.65846e-10
4.796	3.77425e-10
4.794	3.89701e-10
4.792	4.02661e-10
4.79	4.16293e-10
4.788	4.30581e-10
4.786	4.45509e-10
4.784	4.61062e-10
4.782	4.7722e-10
4.78	4.93964e-10
4.778	5.11275e-10
4.776	5.2913e-10
4.774	5.47507e-10
4.772	5.66382e-10
4.77	5.85729e-10
4.768	6.05522e-10
4.766	6.25734e-10
4.764	6.46336e-10
4.762	6.67298e-10
4.76	6.88589e-10
4.758	7.10178e-10
4.756	7.32031e-10
4.754	7.54116e-10
4.752	7.76397e-10
4.75	7.9884e-10
4.748	8.21408e-10
4.746	8.44066e-10
4.744	8.66776e-10
4.742	8.89503e-10
4.74	9.12208e-10
4.738	9.34854e-10
4.736	9.57406e-10
4.734	9.79826e-10
4.732	1.00208e-09
4.73	1.02413e-09
4.728	1.04594e-09
4.726	1.06748e-09
4.724	1.08872e-09
4.722	1.10963e-09
4.72	1.13018e-09
4.718	1.15033e-09
4.716	1.17008e-09
4.714	1.18939e-09
4.712	1.20826e-09
4.71	1.22665e-09
4.708	1.24456e-09
4.706	1.26199e-09
4.704	1.27892e-09
4.702	1.29536e-09
4.7	1.3113e-09
4.698	1.32677e-09
4.696	1.34177e-09
4.694	1.35633e-09
4.692	1.37046e-09
4.69	1.38421e-09
4.688	1.3976e-09
4.686	1.41069e-09
4.684	1.42353e-09
4.682	1.43617e-09
4.68	1.44869e-09
4.678	1.46117e-09
4.676	1.47367e-09
4.674	1.48631e-09
4.672	1.49918e-09
4.67	1.5124e-09
4.668	1.52609e-09
4.666	1.54037e-09
4.664	1.5554e-09
4.662	1.57133e-09
4.66	1.58832e-09
4.658	1.60655e-09
4.656	1.62621e-09
4.654	1.6475e-09
4.652	1.67063e-09
4.65	1.69583e-09
4.648	1.72334e-09
4.646	1.7534e-09
4.644	1.78629e-09
4.642	1.82227e-09
4.64	1.86165e-09
4.638	1.90472e-09
4.636	1.9518e-09
4.634	2.00324e-09
4.632	2.05936e-09
4.63	2.12053e-09
4.628	2.18713e-09
4.626	2.25954e-09
4.624	2.33815e-09
4.622	2.42338e-09
4.62	2.51566e-09
4.618	2.61541e-09
4.616	2.72309e-09
4.614	2.83916e-09
4.612	2.96408e-09
4.61	3.09834e-09
4.608	3.24241e-09
4.606	3.39681e-09
4.604	3.56202e-09
4.602	3.73856e-09
4.6	3.92695e-09
4.598	4.1277e-09
4.596	4.34133e-09
4.594	4.56836e-09
4.592	4.80932e-09
4.59	5.06472e-09
4.588	5.33507e-09
4.586	5.6209e-09
4.584	5.92269e-09
4.582	6.24095e-09
4.58	6.57614e-09
4.578	6.92875e-09
4.576	7.29922e-09
4.574	7.68798e-09
4.572	8.09545e-09
4.57	8.52201e-09
4.568	8.96803e-09
4.566	9.43385e-09
4.564	9.91976e-09
4.562	1.0426e-08
4.56	1.09529e-08
4.558	1.15006e-08
4.556	1.20693e-08
4.554	1.26591e-08
4.552	1.32699e-08
4.55	1.3902e-08
4.548	1.45551e-08
4.546	1.52294e-08
4.544	1.59245e-08
4.542	1.66403e-08
4.54	1.73766e-08
4.538	1.8133e-08
4.536	1.89091e-08
4.534	1.97045e-08
4.532	2.05187e-08
4.53	2.13512e-08
4.528	2.22011e-08
4.526	2.30679e-08
4.524	2.39508e-08
4.522	2.48488e-08
4.52	2.57612e-08
4.518	2.66868e-08
4.516	2.76246e-08
4.514	2.85735e-08
4.512	2.95324e-08
4.51	3.04999e-08
4.508	3.14747e-08
4.506	3.24554e-08
4.504	3.34407e-08
4.502	3.4429e-08
4.5	3.54188e-08
4.498	3.64085e-08
4.496	3.73965e-08
4.494	3.83811e-08
4.492	3.93605e-08
4.49	4.03331e-08
4.488	4.12971e-08
4.486	4.22507e-08
4.484	4.31921e-08
4.482	4.41194e-08
4.48	4.5031e-08
4.478	4.59249e-08
4.476	4.67993e-08
4.474	4.76525e-08
4.472	4.84826e-08
4.47	4.9288e-08
4.468	5.00669e-08
4.466	5.08175e-08
4.464	5.15383e-08
4.462	5.22277e-08
4.46	5.28841e-08
4.458	5.35061e-08
4.456	5.40922e-08
4.454	5.46411e-08
4.452	5.51515e-08
4.45	5.56223e-08
4.448	5.60523e-08
4.446	5.64405e-08
4.444	5.6786e-08
4.442	5.7088e-08
4.44	5.73458e-08
4.438	5.75587e-08
4.436	5.77263e-08
4.434	5.78481e-08
4.432	5.79239e-08
4.43	5.79534e-08
4.428	5.79366e-08
4.426	5.78735e-08
4.424	5.77643e-08
4.422	5.76093e-08
4.42	5.74087e-08
4.418	5.71632e-08
4.416	5.68732e-08
4.414	5.65395e-08
4.412	5.61628e-08
4.41	5.57441e-08
4.408	5.52843e-08
4.406	5.47845e-08
4.404	5.42459e-08
4.402	5.36697e-08
4.4	5.30572e-08
4.398	5.24099e-08
4.396	5.17291e-08
4.394	5.10164e-08
4.392	5.02735e-08
4.39	4.95018e-08
4.388	4.87032e-08
4.386	4.78793e-08
4.384	4.70319e-08
4.382	4.61627e-08
4.38	4.52735e-08
4.378	4.43662e-08
4.376	4.34426e-08
4.374	4.25045e-08
4.372	4.15537e-08
4.37	4.05921e-08
4.368	3.96214e-08
4.366	3.86435e-08
4.364	3.76601e-08
4.362	3.66729e-08
4.36	3.56836e-08
4.358	3.4694e-08
4.356	3.37056e-08
4.354	3.272e-08
4.352	3.17388e-08
4.35	3.07634e-08
4.348	2.97953e-08
4.346	2.88359e-08
4.344	2.78864e-08
4.342	2.69481e-08
4.34	2.60223e-08
4.338	2.511e-08
4.336	2.42124e-08
4.334	2.33305e-08
4.332	2.24651e-08
4.33	2.16172e-08
4.328	2.07877e-08
4.326	1.99772e-08
4.324	1.91864e-08
4.322	1.84161e-08
4.32	1.76668e-08
4.318	1.69389e-08
4.316	1.62331e-08
4.314	1.55495e-08
4.312	1.48888e-08
4.31	1.42511e-08
4.308	1.36366e-08
4.306	1.30457e-08
4.304	1.24785e-08
4.302	1.19351e-08
4.3	1.14156e-08
4.298	1.09201e-08
4.296	1.04486e-08
4.294	1.0001e-08
4.292	9.57746e-09
4.29	9.1778e-09
4.288	8.80195e-09
4.286	8.44983e-09
4.284	8.12132e-09
4.282	7.81627e-09
4.28	7.53455e-09
4.278	7.27599e-09
4.276	7.04043e-09
4.274	6.82768e-09
4.272	6.63757e-09
4.27	6.4699e-09
4.268	6.32449e-09
4.266	6.20114e-09
4.264	6.09965e-09
4.262	6.01983e-09
4.26	5.96147e-09
4.258	5.92439e-09
4.256	5.90838e-09
4.254	5.91325e-09
4.252	5.93881e-09
4.25	5.98485e-09
4.248	6.05119e-09
4.246	6.13763e-09
4.244	6.24397e-09
4.242	6.37002e-09
4.24	6.51558e-09
4.238	6.68044e-09
4.236	6.86441e-09
4.234	7.06725e-09
4.232	7.28876e-09
4.23	7.52871e-09
4.228	7.78685e-09
4.226	8.06293e-09
4.224	8.3567e-09
4.222	8.66788e-09
4.22	8.99617e-09
4.218	9.34126e-09
4.216	9.70282e-09
4.214	1.00805e-08
4.212	1.04739e-08
4.21	1.08827e-08
4.208	1.13064e-08
4.206	1.17446e-08
4.204	1.21969e-08
4.202	1.26626e-08
4.2	1.31413e-08
4.198	1.36324e-08
4.196	1.41353e-08
4.194	1.46494e-08
4.192	1.51741e-08
4.19	1.57086e-08
4.188	1.62523e-08
4.186	1.68043e-08
4.184	1.73639e-08
4.182	1.79302e-08
4.18	1.85025e-08
4.178	1.90798e-08
4.176	1.96613e-08
4.174	2.0246e-08
4.172	2.08329e-08
4.17	2.14211e-08
4.168	2.20096e-08
4.166	2.25972e-08
4.164	2.31831e-08
4.162	2.37661e-08
4.16	2.43452e-08
4.158	2.49193e-08
4.156	2.54872e-08
4.154	2.6048e-08
4.152	2.66005e-08
4.15	2.71436e-08
4.148	2.76763e-08
4.146	2.81975e-08
4.144	2.87061e-08
4.142	2.92011e-08
4.14	2.96815e-08
4.138	3.01463e-08
4.136	3.05945e-08
4.134	3.10252e-08
4.132	3.14376e-08
4.13	3.18308e-08
4.128	3.2204e-08
4.126	3.25564e-08
4.124	3.28875e-08
4.122	3.31964e-08
4.12	3.34828e-08
4.118	3.3746e-08
4.116	3.39856e-08
4.114	3.42014e-08
4.112	3.43929e-08
4.11	3.45601e-08
4.108	3.47027e-08
4.106	3.48208e-08
4.104	3.49144e-08
4.102	3.49837e-08
4.1	3.50289e-08
4.098	3.50504e-08
4.096	3.50486e-08
4.094	3.50241e-08
4.092	3.49774e-08
4.09	3.49095e-08
4.088	3.48212e-08
4.086	3.47134e-08
4.084	3.45872e-08
4.082	3.4444e-08
4.08	3.42849e-08
4.078	3.41116e-08
4.076	3.39254e-08
4.074	3.37283e-08
4.072	3.35219e-08
4.07	3.33082e-08
4.068	3.30894e-08
4.066	3.28676e-08
4.064	3.26452e-08
4.062	3.24247e-08
4.06	3.22087e-08
4.058	3.19999e-08
4.056	3.18014e-08
4.054	3.1616e-08
4.052	3.1447e-08
4.05	3.12978e-08
4.048	3.11718e-08
4.046	3.10727e-08
4.044	3.10043e-08
4.042	3.09704e-08
4.04	3.09754e-08
4.038	3.10233e-08
4.036	3.11187e-08
4.034	3.12662e-08
4.032	3.14705e-08
4.03	3.17365e-08
4.028	3.20694e-08
4.026	3.24745e-08
4.024	3.29571e-08
4.022	3.3523e-08
4.02	3.41779e-08
4.018	3.49277e-08
4.016	3.57786e-08
4.014	3.67369e-08
4.012	3.78091e-08
4.01	3.90018e-08
4.008	4.03217e-08
4.006	4.17758e-08
4.004	4.33711e-08
4.002	4.51149e-08
4	4.70145e-08
3.998	4.90774e-08
3.996	5.13112e-08
3.994	5.37234e-08
3.992	5.63219e-08
3.99	5.91144e-08
3.988	6.21089e-08
3.986	6.53133e-08
3.984	6.87354e-08
3.982	7.23831e-08
3.98	7.62645e-08
3.978	8.03872e-08
3.976	8.47591e-08
3.974	8.93878e-08
3.972	9.42808e-08
3.97	9.94454e-08
3.968	1.04889e-07
3.966	1.10618e-07
3.964	1.1664e-07
3.962	1.22961e-07
3.96	1.29586e-07
3.958	1.36522e-07
3.956	1.43774e-07
3.954	1.51346e-07
3.952	1.59244e-07
3.95	1.6747e-07
3.948	1.76029e-07
3.946	1.84922e-07
3.944	1.94152e-07
3.942	2.03721e-07
3.94	2.13628e-07
3.938	2.23874e-07
3.936	2.34457e-07
3.934	2.45376e-07
3.932	2.56629e-07
3.93	2.68212e-07
3.928	2.8012e-07
3.926	2.92348e-07
3.924	3.0489e-07
3.922	3.17738e-07
3.92	3.30885e-07
3.918	3.4432e-07
3.916	3.58033e-07
3.914	3.72014e-07
3.912	3.86248e-07
3.91	4.00723e-07
3.908	4.15425e-07
3.906	4.30337e-07
3.904	4.45443e-07
3.902	4.60725e-07
3.9	4.76164e-07
3.898	4.91741e-07
3.896	5.07436e-07
3.894	5.23226e-07
3.892	5.39091e-07
3.89	5.55005e-07
3.888	5.70946e-07
3.886	5.8689e-07
3.884	6.0281e-07
3.882	6.18682e-07
3.88	6.34478e-07
3.878	6.50173e-07
3.876	6.65739e-07
3.874	6.81149e-07
3.872	6.96376e-07
3.87	7.11391e-07
3.868	7.26168e-07
3.866	7.40678e-07
3.864	7.54894e-07
3.862	7.68789e-07
3.86	7.82337e-07
3.858	7.9551e-07
3.856	8.08282e-07
3.854	8.20629e-07
3.852	8.32526e-07
3.85	8.43949e-07
3.848	8.54875e-07
3.846	8.65281e-07
3.844	8.75147e-07
3.842	8.84454e-07
3.84	8.93181e-07
3.838	9.01312e-07
3.836	9.08831e-07
3.834	9.15722e-07
3.832	9.21973e-07
3.83	9.27571e-07
3.828	9.32507e-07
3.826	9.3677e-07
3.824	9.40354e-07
3.822	9.43253e-07
3.82	9.45464e-07
3.818	9.46983e-07
3.816	9.4781e-07
3.814	9.47946e-07
3.812	9.47392e-07
3.81	9.46154e-07
3.808	9.44237e-07
3.806	9.41648e-07
3.804	9.38395e-07
3.802	9.3449e-07
3.8	9.29943e-07
3.798	9.24767e-07
3.796	9.18977e-07
3.794	9.12589e-07
3.792	9.05619e-07
3.79	8.98085e-07
3.788	8.90005e-07
3.786	8.81401e-07
3.784	8.72293e-07
3.782	8.62701e-07
3.78	8.5265e-07
3.778	8.42161e-07
3.776	8.31258e-07
3.774	8.19965e-07
3.772	8.08307e-07
3.77	7.96308e-07
3.768	7.83993e-07
3.766	7.71388e-07
3.764	7.58516e-07
3.762	7.45404e-07
3.76	7.32075e-07
3.758	7.18556e-07
3.756	7.04869e-07
3.754	6.91039e-07
3.752	6.7709e-07
3.75	6.63045e-07
3.748	6.48927e-07
3.746	6.34757e-07
3.744	6.20557e-07
3.742	6.06348e-07
3.74	5.9215e-07
3.738	5.77982e-07
3.736	5.63862e-07
3.734	5.49809e-07
3.732	5.35838e-07
3.73	5.21967e-07
3.728	5.08209e-07
3.726	4.94579e-07
3.724	4.81091e-07
3.722	4.67757e-07
3.72	4.54588e-07
3.718	4.41594e-07
3.716	4.28787e-07
3.714	4.16174e-07
3.712	4.03764e-07
3.71	3.91563e-07
3.708	3.79579e-07
3.706	3.67816e-07
3.704	3.56281e-07
3.702	3.44976e-07
3.7	3.33905e-07
3.698	3.23071e-07
3.696	3.12477e-07
3.694	3.02123e-07
3.692	2.9201e-07
3.69	2.8214e-07
3.688	2.72512e-07
3.686	2.63125e-07
3.684	2.53979e-07
3.682	2.45072e-07
3.68	2.36402e-07
3.678	2.27968e-07
3.676	2.19766e-07
3.674	2.11795e-07
3.672	2.04051e-07
3.67	1.96532e-07
3.668	1.89234e-07
3.666	1.82153e-07
3.664	1.75287e-07
3.662	1.68631e-07
3.66	1.62182e-07
3.658	1.55936e-07
3.656	1.49889e-07
3.654	1.44038e-07
3.652	1.38379e-07
3.65	1.32908e-07
3.648	1.27621e-07
3.646	1.22516e-07
3.644	1.17587e-07
3.642	1.12832e-07
3.64	1.08248e-07
3.638	1.0383e-07
3.636	9.95774e-08
3.634	9.54856e-08
3.632	9.15521e-08
3.63	8.77744e-08
3.628	8.415e-08
3.626	8.06766e-08
3.624	7.73522e-08
3.622	7.41748e-08
3.62	7.11428e-08
3.618	6.82548e-08
3.616	6.55095e-08
3.614	6.29059e-08
3.612	6.04433e-08
3.61	5.81212e-08
3.608	5.59394e-08
3.606	5.38979e-08
3.604	5.1997e-08
3.602	5.02375e-08
3.6	4.862e-08
3.598	4.7146e-08
3.596	4.5817e-08
3.594	4.46348e-08
3.592	4.36017e-08
3.59	4.27202e-08
3.588	4.19933e-08
3.586	4.14243e-08
3.584	4.10168e-08
3.582	4.0775e-08
3.58	4.07034e-08
3.578	4.08068e-08
3.576	4.10905e-08
3.574	4.15603e-08
3.572	4.22224e-08
3.57	4.30833e-08
3.568	4.41502e-08
3.566	4.54305e-08
3.564	4.69323e-08
3.562	4.86639e-08
3.56	5.06342e-08
3.558	5.28527e-08
3.556	5.5329e-08
3.554	5.80735e-08
3.552	6.10968e-08
3.55	6.441e-08
3.548	6.80247e-08
3.546	7.19529e-08
3.544	7.62069e-08
3.542	8.07994e-08
3.54	8.57435e-08
3.538	9.10526e-08
3.536	9.67403e-08
3.534	1.02821e-07
3.532	1.09308e-07
3.53	1.16216e-07
3.528	1.23561e-07
3.526	1.31355e-07
3.524	1.39615e-07
3.522	1.48355e-07
3.52	1.57589e-07
3.518	1.67332e-07
3.516	1.77599e-07
3.514	1.88403e-07
3.512	1.99759e-07
3.51	2.1168e-07
3.508	2.24179e-07
3.506	2.37269e-07
3.504	2.50962e-07
3.502	2.65268e-07
3.5	2.80199e-07
3.498	2.95764e-07
3.496	3.11972e-07
3.494	3.28831e-07
3.492	3.46347e-07
3.49	3.64526e-07
3.488	3.83372e-07
3.486	4.02888e-07
3.484	4.23075e-07
3.482	4.43933e-07
3.48	4.65461e-07
3.478	4.87655e-07
3.476	5.1051e-07
3.474	5.34019e-07
3.472	5.58174e-07
3.47	5.82963e-07
3.468	6.08374e-07
3.466	6.34391e-07
3.464	6.60999e-07
3.462	6.88178e-07
3.46	7.15907e-07
3.458	7.44162e-07
3.456	7.72918e-07
3.454	8.02146e-07
3.452	8.31819e-07
3.45	8.61901e-07
3.448	8.92361e-07
3.446	9.23161e-07
3.444	9.54262e-07
3.442	9.85625e-07
3.44	1.01721e-06
3.438	1.04896e-06
3.436	1.08084e-06
3.434	1.11281e-06
3.432	1.1448e-06
3.43	1.17677e-06
3.428	1.20867e-06
3.426	1.24044e-06
3.424	1.27203e-06
3.422	1.30338e-06
3.42	1.33444e-06
3.418	1.36514e-06
3.416	1.39543e-06
3.414	1.42526e-06
3.412	1.45456e-06
3.41	1.48328e-06
3.408	1.51135e-06
3.406	1.53872e-06
3.404	1.56534e-06
3.402	1.59114e-06
3.4	1.61608e-06
3.398	1.64009e-06
3.396	1.66314e-06
3.394	1.68515e-06
3.392	1.70609e-06
3.39	1.72591e-06
3.388	1.74457e-06
3.386	1.76201e-06
3.384	1.77821e-06
3.382	1.79312e-06
3.38	1.80672e-06
3.378	1.81895e-06
3.376	1.82981e-06
3.374	1.83926e-06
3.372	1.84728e-06
3.37	1.85385e-06
3.368	1.85896e-06
3.366	1.86259e-06
3.364	1.86473e-06
3.362	1.86539e-06
3.36	1.86455e-06
3.358	1.86222e-06
3.356	1.85841e-06
3.354	1.85312e-06
3.352	1.84637e-06
3.35	1.83818e-06
3.348	1.82856e-06
3.346	1.81753e-06
3.344	1.80512e-06
3.342	1.79137e-06
3.34	1.7763e-06
3.338	1.75994e-06
3.336	1.74235e-06
3.334	1.72355e-06
3.332	1.70358e-06
3.33	1.68251e-06
3.328	1.66036e-06
3.326	1.6372e-06
3.324	1.61307e-06
3.322	1.58802e-06
3.32	1.56212e-06
3.318	1.5354e-06
3.316	1.50794e-06
3.314	1.47978e-06
3.312	1.45099e-06
3.31	1.42162e-06
3.308	1.39173e-06
3.306	1.36138e-06
3.304	1.33063e-06
3.302	1.29953e-06
3.3	1.26814e-06
3.298	1.23652e-06
3.296	1.20473e-06
3.294	1.17281e-06
3.292	1.14083e-06
3.29	1.10883e-06
3.288	1.07687e-06
3.286	1.04499e-06
3.284	1.01325e-06
3.282	9.81681e-07
3.28	9.50337e-07
3.278	9.19259e-07
3.276	8.88486e-07
3.274	8.58057e-07
3.272	8.28007e-07
3.27	7.9837e-07
3.268	7.69179e-07
3.266	7.40462e-07
3.264	7.12247e-07
3.262	6.8456e-07
3.26	6.57423e-07
3.258	6.30857e-07
3.256	6.0488e-07
3.254	5.79509e-07
3.252	5.54758e-07
3.25	5.30639e-07
3.248	5.07164e-07
3.246	4.84339e-07
3.244	4.62171e-07
3.242	4.40666e-07
3.24	4.19825e-07
3.238	3.9965e-07
3.236	3.8014e-07
3.234	3.61294e-07
3.232	3.43107e-07
3.23	3.25575e-07
3.228	3.08692e-07
3.226	2.92451e-07
3.224	2.76842e-07
3.222	2.61857e-07
3.22	2.47485e-07
3.218	2.33714e-07
3.216	2.20534e-07
3.214	2.0793e-07
3.212	1.9589e-07
3.21	1.84399e-07
3.208	1.73444e-07
3.206	1.63009e-07
3.204	1.53079e-07
3.202	1.4364e-07
3.2	1.34674e-07
3.198	1.26167e-07
3.196	1.18103e-07
3.194	1.10467e-07
3.192	1.03241e-07
3.19	9.64104e-08
3.188	8.996e-08
3.186	8.38741e-08
3.184	7.81373e-08
3.182	7.27347e-08
3.18	6.76515e-08
3.178	6.28732e-08
3.176	5.83857e-08
3.174	5.41752e-08
3.172	5.02281e-08
3.17	4.65313e-08
3.168	4.30721e-08
3.166	3.98382e-08
3.164	3.68177e-08
3.162	3.39989e-08
3.16	3.13709e-08
3.158	2.89228e-08
3.156	2.66445e-08
3.154	2.4526e-08
3.152	2.25579e-08
3.15	2.07311e-08
3.148	1.9037e-08
3.146	1.74674e-08
3.144	1.60144e-08
3.142	1.46705e-08
3.14	1.34287e-08
3.138	1.22821e-08
3.136	1.12244e-08
3.134	1.02497e-08
3.132	9.35204e-09
3.13	8.52622e-09
3.128	7.7671e-09
3.126	7.06991e-09
3.124	6.43016e-09
3.122	5.84362e-09
3.12	5.30634e-09
3.118	4.8146e-09
3.116	4.36494e-09
3.114	3.95411e-09
3.112	3.57908e-09
3.11	3.23703e-09
3.108	2.92533e-09
3.106	2.64153e-09
3.104	2.38336e-09
3.102	2.1487e-09
3.1	1.9356e-09
3.098	1.74223e-09
3.096	1.56693e-09
3.094	1.40814e-09
3.092	1.26444e-09
3.09	1.13449e-09
3.088	1.01708e-09
3.086	9.111e-10
3.084	8.1551e-10
3.082	7.29368e-10
3.08	6.51807e-10
3.078	5.82032e-10
3.076	5.19315e-10
3.074	4.62992e-10
3.072	4.12454e-10
3.07	3.67147e-10
3.068	3.26566e-10
3.066	2.90251e-10
3.064	2.57783e-10
3.062	2.28782e-10
3.06	2.02903e-10
3.058	1.79835e-10
3.056	1.59293e-10
3.054	1.41023e-10
3.052	1.24796e-10
3.05	1.10402e-10
3.048	9.76575e-11
3.046	8.63945e-11
3.044	7.64647e-11
3.042	6.77359e-11
3.04	6.00912e-11
3.038	5.34278e-11
3.036	4.76563e-11
3.034	4.26998e-11
3.032	3.8493e-11
3.03	3.49822e-11
3.028	3.21244e-11
3.026	2.98877e-11
3.024	2.82507e-11
3.022	2.72028e-11
3.02	2.67448e-11
3.018	2.68888e-11
3.016	2.76595e-11
3.014	2.90949e-11
3.012	3.12471e-11
3.01	3.41845e-11
3.008	3.79929e-11
3.006	4.27779e-11
3.004	4.86673e-11
3.002	5.58143e-11
3	6.44003e-11
2.998	7.46396e-11
2.996	8.67836e-11
2.994	1.01126e-10
2.992	1.18009e-10
2.99	1.37831e-10
2.988	1.61053e-10
2.986	1.8821e-10
2.984	2.19918e-10
2.982	2.56892e-10
2.98	2.99953e-10
2.978	3.50045e-10
2.976	4.08259e-10
2.974	4.75842e-10
2.972	5.54229e-10
2.97	6.45064e-10
2.968	7.50229e-10
2.966	8.71879e-10
2.964	1.01248e-09
2.962	1.17483e-09
2.96	1.36216e-09
2.958	1.57811e-09
2.956	1.82685e-09
2.954	2.11312e-09
2.952	2.4423e-09
2.95	2.82052e-09
2.948	3.25472e-09
2.946	3.75276e-09
2.944	4.32355e-09
2.942	4.97719e-09
2.94	5.72507e-09
2.938	6.58006e-09
2.936	7.55669e-09
2.934	8.67134e-09
2.932	9.94245e-09
2.93	1.13908e-08
2.928	1.30396e-08
2.926	1.49153e-08
2.924	1.7047e-08
2.922	1.94679e-08
2.92	2.22148e-08
2.918	2.53289e-08
2.916	2.88566e-08
2.914	3.28493e-08
2.912	3.73645e-08
2.91	4.24663e-08
2.908	4.82262e-08
2.906	5.47235e-08
2.904	6.20465e-08
2.902	7.02931e-08
2.9	7.95722e-08
2.898	9.00041e-08
2.896	1.01722e-07
2.894	1.14874e-07
2.892	1.29623e-07
2.89	1.46148e-07
2.888	1.64648e-07
2.886	1.85342e-07
2.884	2.08469e-07
2.882	2.34295e-07
2.88	2.6311e-07
2.878	2.95233e-07
2.876	3.31012e-07
2.874	3.70831e-07
2.872	4.15107e-07
2.87	4.64298e-07
2.868	5.18904e-07
2.866	5.79467e-07
2.864	6.46582e-07
2.862	7.20893e-07
2.86	8.03102e-07
2.858	8.9397e-07
2.856	9.94324e-07
2.854	1.10506e-06
2.852	1.22714e-06
2.85	1.36163e-06
2.848	1.50964e-06
2.846	1.6724e-06
2.844	1.85123e-06
2.842	2.04755e-06
2.84	2.26287e-06
2.838	2.49884e-06
2.836	2.7572e-06
2.834	3.03985e-06
2.832	3.34879e-06
2.83	3.68617e-06
2.828	4.05431e-06
2.826	4.45564e-06
2.824	4.89278e-06
2.822	5.36852e-06
2.82	5.8858e-06
2.818	6.44776e-06
2.816	7.05774e-06
2.814	7.71923e-06
2.812	8.43598e-06
2.81	9.21191e-06
2.808	1.00512e-05
2.806	1.09581e-05
2.804	1.19373e-05
2.802	1.29936e-05
2.8	1.41321e-05
2.798	1.53581e-05
2.796	1.6677e-05
2.794	1.80948e-05
2.792	1.96173e-05
2.79	2.1251e-05
2.788	2.30023e-05
2.786	2.48781e-05
2.784	2.68852e-05
2.782	2.90311e-05
2.78	3.13232e-05
2.778	3.37692e-05
2.776	3.63771e-05
2.774	3.91551e-05
2.772	4.21116e-05
2.77	4.5255e-05
2.768	4.85942e-05
2.766	5.2138e-05
2.764	5.58956e-05
2.762	5.9876e-05
2.76	6.40887e-05
2.758	6.85428e-05
2.756	7.32479e-05
2.754	7.82133e-05
2.752	8.34486e-05
2.75	8.89631e-05
2.748	9.47661e-05
2.746	0.000100867
2.744	0.000107275
2.742	0.000113998
2.74	0.000121047
2.738	0.000128428
2.736	0.00013615
2.734	0.000144221
2.732	0.000152649
2.73	0.000161439
2.728	0.0001706
2.726	0.000180136
2.724	0.000190053
2.722	0.000200355
2.72	0.000211048
2.718	0.000222133
2.716	0.000233613
2.714	0.00024549
2.712	0.000257765
2.71	0.000270437
2.708	0.000283505
2.706	0.000296967
2.704	0.000310819
2.702	0.000325057
2.7	0.000339676
2.698	0.000354668
2.696	0.000370026
2.694	0.00038574
2.692	0.0004018
2.69	0.000418194
2.688	0.000434909
2.686	0.00045193
2.684	0.000469242
2.682	0.000486827
2.68	0.000504668
2.678	0.000522744
2.676	0.000541034
2.674	0.000559517
2.672	0.000578168
2.67	0.000596963
2.668	0.000615876
2.666	0.000634881
2.664	0.000653948
2.662	0.00067305
2.66	0.000692155
2.658	0.000711234
2.656	0.000730254
2.654	0.000749183
2.652	0.000767989
2.65	0.000786636
2.648	0.000805093
2.646	0.000823323
2.644	0.000841293
2.642	0.000858968
2.64	0.000876313
2.638	0.000893294
2.636	0.000909876
2.634	0.000926024
2.632	0.000941705
2.63	0.000956887
2.628	0.000971536
2.626	0.000985621
2.624	0.00099911
2.622	0.00101198
2.62	0.00102419
2.618	0.00103572
2.616	0.00104654
2.614	0.00105663
2.612	0.00106597
2.61	0.00107453
2.608	0.00108229
2.606	0.00108924
2.604	0.00109536
2.602	0.00110063
2.6	0.00110505
2.598	0.0011086
2.596	0.00111128
2.594	0.00111307
2.592	0.00111398
2.59	0.00111401
2.588	0.00111314
2.586	0.0011114
2.584	0.00110877
2.582	0.00110528
2.58	0.00110092
2.578	0.00109571
2.576	0.00108967
2.574	0.00108281
2.572	0.00107514
2.57	0.00106669
2.568	0.00105748
2.566	0.00104753
2.564	0.00103687
2.562	0.00102552
2.56	0.00101352
2.558	0.0010009
2.556	0.000987677
2.554	0.000973898
2.552	0.000959594
2.55	0.000944803
2.548	0.00092956
2.546	0.000913906
2.544	0.000897881
2.542	0.000881524
2.54	0.000864878
2.538	0.000847987
2.536	0.000830893
2.534	0.000813642
2.532	0.000796279
2.53	0.000778851
2.528	0.000761404
2.526	0.000743987
2.524	0.000726648
2.522	0.000709437
2.52	0.000692404
2.518	0.0006756
2.516	0.000659078
2.514	0.000642891
2.512	0.000627093
2.51	0.000611739
2.508	0.000596887
2.506	0.000582594
2.504	0.000568919
2.502	0.000555925
2.5	0.000543673
2.498	0.00053223
2.496	0.000521663
2.494	0.00051204
2.492	0.000503436
2.49	0.000495923
2.488	0.000489582
2.486	0.000484492
2.484	0.000480739
2.482	0.000478413
2.48	0.000477605
2.478	0.000478413
2.476	0.000480939
2.474	0.00048529
2.472	0.000491578
2.47	0.00049992
2.468	0.00051044
2.466	0.000523267
2.464	0.000538538
2.462	0.000556394
2.46	0.000576985
2.458	0.000600468
2.456	0.000627006
2.454	0.000656771
2.452	0.000689942
2.45	0.000726707
2.448	0.000767261
2.446	0.000811808
2.444	0.00086056
2.442	0.000913738
2.44	0.00097157
2.438	0.00103429
2.436	0.00110216
2.434	0.00117541
2.432	0.00125432
2.43	0.00133915
2.428	0.00143019
2.426	0.00152772
2.424	0.00163202
2.422	0.00174341
2.42	0.00186218
2.418	0.00198865
2.416	0.00212314
2.414	0.00226595
2.412	0.00241742
2.41	0.00257787
2.408	0.00274764
2.406	0.00292704
2.404	0.00311641
2.402	0.00331608
2.4	0.00352638
2.398	0.00374761
2.396	0.00398011
2.394	0.00422417
2.392	0.00448011
2.39	0.00474821
2.388	0.00502876
2.386	0.00532202
2.384	0.00562826
2.382	0.00594772
2.38	0.00628061
2.378	0.00662714
2.376	0.00698749
2.374	0.00736183
2.372	0.00775028
2.37	0.00815297
2.368	0.00856997
2.366	0.00900134
2.364	0.0094471
2.362	0.00990723
2.36	0.0103817
2.358	0.0108704
2.356	0.0113733
2.354	0.0118901
2.352	0.0124208
2.35	0.012965
2.348	0.0135225
2.346	0.0140929
2.344	0.0146759
2.342	0.0152712
2.34	0.0158781
2.338	0.0164964
2.336	0.0171253
2.334	0.0177644
2.332	0.018413
2.33	0.0190705
2.328	0.0197361
2.326	0.020409
2.324	0.0210886
2.322	0.0217739
2.32	0.0224641
2.318	0.0231583
2.316	0.0238556
2.314	0.0245549
2.312	0.0252553
2.31	0.0259557
2.308	0.0266552
2.306	0.0273525
2.304	0.0280467
2.302	0.0287366
2.3	0.0294211
2.298	0.0300991
2.296	0.0307694
2.294	0.0314309
2.292	0.0320825
2.29	0.032723
2.288	0.0333513
2.286	0.0339663
2.284	0.0345668
2.282	0.0351519
2.28	0.0357205
2.278	0.0362715
2.276	0.036804
2.274	0.037317
2.272	0.0378095
2.27	0.0382808
2.268	0.0387299
2.266	0.0391561
2.264	0.0395586
2.262	0.0399368
2.26	0.04029
2.258	0.0406176
2.256	0.0409192
2.254	0.0411942
2.252	0.0414423
2.25	0.0416632
2.248	0.0418565
2.246	0.0420221
2.244	0.0421598
2.242	0.0422695
2.24	0.0423513
2.238	0.0424052
2.236	0.0424313
2.234	0.0424298
2.232	0.0424009
2.23	0.0423449
2.228	0.0422622
2.226	0.0421532
2.224	0.0420184
2.222	0.0418582
2.22	0.0416732
2.218	0.0414641
2.216	0.0412314
2.214	0.040976
2.212	0.0406985
2.21	0.0403996
2.208	0.0400803
2.206	0.0397412
2.204	0.0393833
2.202	0.0390074
2.2	0.0386144
2.198	0.0382052
2.196	0.0377807
2.194	0.0373418
2.192	0.0368894
2.19	0.0364245
2.188	0.035948
2.186	0.0354608
2.184	0.0349637
2.182	0.0344578
2.18	0.0339438
2.178	0.0334227
2.176	0.0328952
2.174	0.0323623
2.172	0.0318248
2.17	0.0312833
2.168	0.0307388
2.166	0.0301919
2.164	0.0296434
2.162	0.0290939
2.16	0.0285441
2.158	0.0279948
2.156	0.0274463
2.154	0.0268995
2.152	0.0263548
2.15	0.0258127
2.148	0.0252737
2.146	0.0247385
2.144	0.0242073
2.142	0.0236806
2.14	0.023159
2.138	0.0226426
2.136	0.022132
2.134	0.0216275
2.132	0.0211294
2.13	0.0206381
2.128	0.0201538
2.126	0.0196769
2.124	0.0192078
2.122	0.0187466
2.12	0.0182937
2.118	0.0178493
2.116	0.0174139
2.114	0.0169875
2.112	0.0165707
2.11	0.0161636
2.108	0.0157666
2.106	0.01538
2.104	0.0150041
2.102	0.0146394
2.1	0.0142862
2.098	0.0139448
2.096	0.0136158
2.094	0.0132996
2.092	0.0129965
2.09	0.0127073
2.088	0.0124323
2.086	0.0121721
2.084	0.0119275
2.082	0.0116989
2.08	0.0114871
2.078	0.0112928
2.076	0.0111167
2.074	0.0109598
2.072	0.0108228
2.07	0.0107066
2.068	0.0106122
2.066	0.0105406
2.064	0.0104928
2.062	0.0104699
2.06	0.0104732
2.058	0.0105037
2.056	0.0105628
2.054	0.0106517
2.052	0.0107719
2.05	0.0109248
2.048	0.0111118
2.046	0.0113344
2.044	0.0115943
2.042	0.0118931
2.04	0.0122324
2.038	0.0126139
2.036	0.0130395
2.034	0.013511
2.032	0.0140302
2.03	0.014599
2.028	0.0152193
2.026	0.0158931
2.024	0.0166223
2.022	0.017409
2.02	0.0182552
2.018	0.0191629
2.016	0.0201341
2.014	0.0211709
2.012	0.0222752
2.01	0.0234491
2.008	0.0246946
2.006	0.0260135
2.004	0.0274079
2.002	0.0288795
2	0.0304301
1.998	0.0320615
1.996	0.0337754
1.994	0.0355731
1.992	0.0374564
1.99	0.0394263
1.988	0.0414843
1.986	0.0436314
1.984	0.0458685
1.982	0.0481964
1.98	0.0506158
1.978	0.0531271
1.976	0.0557306
1.974	0.0584264
1.972	0.0612142
1.97	0.0640938
1.968	0.0670645
1.966	0.0701256
1.964	0.0732759
1.962	0.076514
1.96	0.0798385
1.958	0.0832474
1.956	0.0867386
1.954	0.0903096
1.952	0.0939577
1.95	0.09768
1.948	0.101473
1.946	0.105333
1.944	0.109257
1.942	0.11324
1.94	0.117277
1.938	0.121365
1.936	0.125497
1.934	0.129669
1.932	0.133875
1.93	0.138108
1.928	0.142364
1.926	0.146636
1.924	0.150917
1.922	0.1552
1.92	0.159478
1.918	0.163745
1.916	0.167993
1.914	0.172214
1.912	0.176401
1.91	0.180546
1.908	0.184642
1.906	0.188681
1.904	0.192654
1.902	0.196555
1.9	0.200374
1.898	0.204105
1.896	0.20774
1.894	0.211271
1.892	0.214691
1.89	0.217991
1.888	0.221166
1.886	0.224208
1.884	0.22711
1.882	0.229866
1.88	0.23247
1.878	0.234915
1.876	0.237197
1.874	0.239309
1.872	0.241247
1.87	0.243007
1.868	0.244583
1.866	0.245974
1.864	0.247174
1.862	0.248182
1.86	0.248994
1.858	0.24961
1.856	0.250027
1.854	0.250245
1.852	0.250262
1.85	0.25008
1.848	0.249698
1.846	0.249117
1.844	0.248339
1.842	0.247365
1.84	0.246198
1.838	0.244841
1.836	0.243297
1.834	0.241569
1.832	0.239662
1.83	0.23758
1.828	0.235327
1.826	0.23291
1.824	0.230333
1.822	0.227603
1.82	0.224726
1.818	0.221707
1.816	0.218555
1.814	0.215275
1.812	0.211875
1.81	0.208362
1.808	0.204744
1.806	0.201029
1.804	0.197223
1.802	0.193335
1.8	0.189373
1.798	0.185344
1.796	0.181256
1.794	0.177118
1.792	0.172936
1.79	0.168719
1.788	0.164474
1.786	0.160209
1.784	0.155931
1.782	0.151647
1.78	0.147364
1.778	0.143089
1.776	0.138829
1.774	0.13459
1.772	0.130378
1.77	0.126199
1.768	0.12206
1.766	0.117964
1.764	0.113919
1.762	0.109927
1.76	0.105994
1.758	0.102125
1.756	0.0983226
1.754	0.0945915
1.752	0.0909348
1.75	0.0873557
1.748	0.0838571
1.746	0.0804416
1.744	0.0771116
1.742	0.0738691
1.74	0.070716
1.738	0.0676537
1.736	0.0646837
1.734	0.0618069
1.732	0.0590242
1.73	0.0563362
1.728	0.0537434
1.726	0.051246
1.724	0.048844
1.722	0.0465372
1.72	0.0443255
1.718	0.0422082
1.716	0.0401848
1.714	0.0382546
1.712	0.0364167
1.71	0.0346701
1.708	0.0330139
1.706	0.0314468
1.704	0.0299677
1.702	0.0285751
1.7	0.0272679
1.698	0.0260446
1.696	0.0249037
1.694	0.0238438
1.692	0.0228634
1.69	0.0219609
1.688	0.0211349
1.686	0.0203838
1.684	0.019706
1.682	0.0191001
1.68	0.0185644
1.678	0.0180976
1.676	0.017698
1.674	0.0173642
1.672	0.0170948
1.67	0.0168882
1.668	0.016743
1.666	0.0166579
1.664	0.0166315
1.662	0.0166623
1.66	0.0167491
1.658	0.0168905
1.656	0.0170852
1.654	0.0173319
1.652	0.0176292
1.65	0.0179761
1.648	0.018371
1.646	0.0188129
1.644	0.0193003
1.642	0.0198321
1.64	0.020407
1.638	0.0210236
1.636	0.0216807
1.634	0.022377
1.632	0.023111
1.63	0.0238815
1.628	0.024687
1.626	0.0255262
1.624	0.0263975
1.622	0.0272995
1.62	0.0282307
1.618	0.0291895
1.616	0.0301743
1.614	0.0311834
1.612	0.0322152
1.61	0.0332679
1.608	0.0343398
1.606	0.035429
1.604	0.0365337
1.602	0.037652
1.6	0.0387818
1.598	0.0399213
1.596	0.0410685
1.594	0.0422212
1.592	0.0433773
1.59	0.0445349
1.588	0.0456916
1.586	0.0468455
1.584	0.0479943
1.582	0.0491358
1.58	0.050268
1.578	0.0513886
1.576	0.0524954
1.574	0.0535864
1.572	0.0546594
1.57	0.0557124
1.568	0.0567433
1.566	0.0577502
1.564	0.0587311
1.562	0.0596841
1.56	0.0606076
1.558	0.0614997
1.556	0.0623589
1.554	0.0631836
1.552	0.0639725
1.55	0.0647243
1.548	0.0654379
1.546	0.0661121
1.544	0.0667463
1.542	0.0673395
1.54	0.0678914
1.538	0.0684015
1.536	0.0688695
1.534	0.0692956
1.532	0.0696798
1.53	0.0700225
1.528	0.0703244
1.526	0.0705861
1.524	0.0708088
1.522	0.0709937
1.52	0.0711422
1.518	0.071256
1.516	0.0713372
1.514	0.0713878
1.512	0.0714104
1.51	0.0714076
1.508	0.0713824
1.506	0.0713381
1.504	0.071278
1.502	0.0712059
1.5	0.0711259
1.498	0.0710421
1.496	0.0709591
1.494	0.0708817
1.492	0.0708149
1.49	0.070764
1.488	0.0707347
1.486	0.0707326
1.484	0.070764
1.482	0.070835
1.48	0.0709524
1.478	0.0711228
1.476	0.0713533
1.474	0.0716511
1.472	0.0720238
1.47	0.072479
1.468	0.0730246
1.466	0.0736687
1.464	0.0744195
1.462	0.0752854
1.46	0.0762751
1.458	0.0773971
1.456	0.0786604
1.454	0.0800739
1.452	0.0816466
1.45	0.0833877
1.448	0.0853063
1.446	0.0874116
1.444	0.0897128
1.442	0.0922191
1.44	0.0949398
1.438	0.0978838
1.436	0.10106
1.434	0.104478
1.432	0.108146
1.43	0.112072
1.428	0.116266
1.426	0.120735
1.424	0.125487
1.422	0.130529
1.42	0.135869
1.418	0.141514
1.416	0.14747
1.414	0.153743
1.412	0.160339
1.41	0.167263
1.408	0.174518
1.406	0.182109
1.404	0.190039
1.402	0.19831
1.4	0.206924
1.398	0.215882
1.396	0.225184
1.394	0.23483
1.392	0.244818
1.39	0.255146
1.388	0.26581
1.386	0.276806
1.384	0.288129
1.382	0.299772
1.38	0.311729
1.378	0.32399
1.376	0.336547
1.374	0.34939
1.372	0.362505
1.37	0.375882
1.368	0.389506
1.366	0.403363
1.364	0.417436
1.362	0.43171
1.36	0.446165
1.358	0.460784
1.356	0.475545
1.354	0.490429
1.352	0.505414
1.35	0.520476
1.348	0.535593
1.346	0.55074
1.344	0.565892
1.342	0.581024
1.34	0.596109
1.338	0.61112
1.336	0.626031
1.334	0.640813
1.332	0.655439
1.33	0.66988
1.328	0.684108
1.326	0.698094
1.324	0.711811
1.322	0.725231
1.32	0.738324
1.318	0.751063
1.316	0.763421
1.314	0.775371
1.312	0.786888
1.31	0.797944
1.308	0.808516
1.306	0.81858
1.304	0.828112
1.302	0.837091
1.3	0.845496
1.298	0.853307
1.296	0.860506
1.294	0.867076
1.292	0.873001
1.29	0.878267
1.288	0.882861
1.286	0.886772
1.284	0.889991
1.282	0.89251
1.28	0.894322
1.278	0.895424
1.276	0.895812
1.274	0.895486
1.272	0.894445
1.27	0.892693
1.268	0.890234
1.266	0.887073
1.264	0.883219
1.262	0.878679
1.26	0.873465
1.258	0.86759
1.256	0.861067
1.254	0.853911
1.252	0.84614
1.25	0.83777
1.248	0.828823
1.246	0.819318
1.244	0.809276
1.242	0.798721
1.24	0.787677
1.238	0.776167
1.236	0.764218
1.234	0.751855
1.232	0.739104
1.23	0.725994
1.228	0.712551
1.226	0.698804
1.224	0.68478
1.222	0.670508
1.22	0.656016
1.218	0.641333
1.216	0.626487
1.214	0.611504
1.212	0.596415
1.21	0.581244
1.208	0.56602
1.206	0.550769
1.204	0.535517
1.202	0.520288
1.2	0.505107
1.198	0.489999
1.196	0.474985
1.194	0.460088
1.192	0.44533
1.19	0.43073
1.188	0.416308
1.186	0.402082
1.184	0.388071
1.182	0.374289
1.18	0.360754
1.178	0.347478
1.176	0.334477
1.174	0.321761
1.172	0.309343
1.17	0.297233
1.168	0.285439
1.166	0.273972
1.164	0.262838
1.162	0.252044
1.16	0.241595
1.158	0.231497
1.156	0.221753
1.154	0.212366
1.152	0.203339
1.15	0.194674
1.148	0.186371
1.146	0.17843
1.144	0.170852
1.142	0.163634
1.14	0.156776
1.138	0.150275
1.136	0.144129
1.134	0.138334
1.132	0.132886
1.13	0.127783
1.128	0.123019
1.126	0.11859
1.124	0.11449
1.122	0.110715
1.12	0.107258
1.118	0.104114
1.116	0.101277
1.114	0.098741
1.112	0.0964989
1.11	0.0945443
1.108	0.0928705
1.106	0.0914708
1.104	0.090338
1.102	0.0894652
1.1	0.0888452
1.098	0.0884707
1.096	0.0883344
1.094	0.0884288
1.092	0.0887466
1.09	0.0892802
1.088	0.090022
1.086	0.0909644
1.084	0.0920996
1.082	0.0934199
1.08	0.0949175
1.078	0.0965845
1.076	0.098413
1.074	0.100395
1.072	0.102522
1.07	0.104787
1.068	0.107181
1.066	0.109697
1.064	0.112325
1.062	0.115057
1.06	0.117886
1.058	0.120802
1.056	0.123797
1.054	0.126864
1.052	0.129992
1.05	0.133174
1.048	0.136401
1.046	0.139665
1.044	0.142956
1.042	0.146267
1.04	0.149588
1.038	0.15291
1.036	0.156227
1.034	0.159528
1.032	0.162805
1.03	0.166051
1.028	0.169256
1.026	0.172413
1.024	0.175513
1.022	0.178549
1.02	0.181512
1.018	0.184396
1.016	0.187192
1.014	0.189894
1.012	0.192494
1.01	0.194987
1.008	0.197365
1.006	0.199622
1.004	0.201752
1.002	0.20375
1	0.205611
0.998	0.207329
0.996	0.208901
0.994	0.210322
0.992	0.211588
0.99	0.212696
0.988	0.213643
0.986	0.214426
0.984	0.215044
0.982	0.215494
0.98	0.215776
0.978	0.215889
0.976	0.215832
0.974	0.215605
0.972	0.215209
0.97	0.214645
0.968	0.213914
0.966	0.213018
0.964	0.21196
0.962	0.210742
0.96	0.209367
0.958	0.207839
0.956	0.206161
0.954	0.204338
0.952	0.202375
0.95	0.200276
0.948	0.198046
0.946	0.195692
0.944	0.19322
0.942	0.190634
0.94	0.187943
0.938	0.185153
0.936	0.18227
0.934	0.179302
0.932	0.176256
0.93	0.17314
0.928	0.169961
0.926	0.166727
0.924	0.163447
0.922	0.160128
0.92	0.156778
0.918	0.153407
0.916	0.150021
0.914	0.14663
0.912	0.143241
0.91	0.139865
0.908	0.136507
0.906	0.133179
0.904	0.129887
0.902	0.12664
0.9	0.123448
0.898	0.120317
0.896	0.117258
0.894	0.114278
0.892	0.111386
0.89	0.108591
0.888	0.1059
0.886	0.103322
0.884	0.100866
0.882	0.0985406
0.88	0.0963536
0.878	0.0943138
0.876	0.0924297
0.874	0.0907097
0.872	0.0891626
0.87	0.087797
0.868	0.0866214
0.866	0.0856447
0.864	0.0848757
0.862	0.0843232
0.86	0.0839961
0.858	0.0839035
0.856	0.0840545
0.854	0.0844584
0.852	0.0851243
0.85	0.0860617
0.848	0.08728
0.846	0.0887888
0.844	0.0905978
0.842	0.0927166
0.84	0.0951549
0.838	0.0979227
0.836	0.10103
0.834	0.104486
0.832	0.108301
0.83	0.112485
0.828	0.117048
0.826	0.122
0.824	0.127349
0.822	0.133107
0.82	0.139281
0.818	0.145882
0.816	0.152918
0.814	0.160398
0.812	0.16833
0.81	0.176722
0.808	0.185582
0.806	0.194916
0.804	0.204732
0.802	0.215036
0.8	0.225832
0.798	0.237125
0.796	0.24892
0.794	0.261219
0.792	0.274025
0.79	0.287339
0.788	0.301161
0.786	0.315491
0.784	0.330326
0.782	0.345665
0.78	0.361502
0.778	0.377833
0.776	0.394651
0.774	0.411948
0.772	0.429714
0.77	0.447939
0.768	0.46661
0.766	0.485714
0.764	0.505236
0.762	0.525158
0.76	0.545463
0.758	0.566131
0.756	0.58714
0.754	0.608467
0.752	0.630088
0.75	0.651977
0.748	0.674107
0.746	0.696449
0.744	0.718971
0.742	0.741644
0.74	0.764433
0.738	0.787304
0.736	0.810223
0.734	0.833152
0.732	0.856054
0.73	0.87889
0.728	0.901622
0.726	0.924209
0.724	0.94661
0.722	0.968784
0.72	0.99069
0.718	1.01229
0.716	1.03353
0.714	1.05438
0.712	1.07479
0.71	1.09472
0.708	1.11414
0.706	1.13299
0.704	1.15125
0.702	1.16887
0.7	1.1858
0.698	1.20203
0.696	1.2175
0.694	1.23218
0.692	1.24605
0.69	1.25907
0.688	1.2712
0.686	1.28243
0.684	1.29272
0.682	1.30206
0.68	1.31041
0.678	1.31776
0.676	1.3241
0.674	1.3294
0.672	1.33365
0.67	1.33685
0.668	1.33899
0.666	1.34006
0.664	1.34005
0.662	1.33898
0.66	1.33683
0.658	1.33362
0.656	1.32936
0.654	1.32405
0.652	1.31771
0.65	1.31034
0.648	1.30198
0.646	1.29264
0.644	1.28233
0.642	1.2711
0.64	1.25895
0.638	1.24592
0.636	1.23204
0.634	1.21734
0.632	1.20186
0.63	1.18562
0.628	1.16867
0.626	1.15103
0.624	1.13276
0.622	1.11389
0.62	1.09445
0.618	1.0745
0.616	1.05406
0.614	1.03319
0.612	1.01192
0.61	0.99029
0.608	0.968352
0.606	0.946143
0.604	0.923704
0.602	0.901076
0.6	0.878299
0.598	0.855414
0.596	0.832458
0.594	0.809471
0.592	0.786489
0.59	0.763548
0.588	0.740684
0.586	0.71793
0.584	0.695318
0.582	0.672881
0.58	0.650646
0.578	0.628643
0.576	0.606898
0.574	0.585437
0.572	0.564284
0.57	0.543459
0.568	0.522985
0.566	0.50288
0.564	0.48316
0.562	0.463843
0.56	0.444942
0.558	0.42647
0.556	0.408438
0.554	0.390855
0.552	0.373731
0.55	0.357071
0.548	0.34088
0.546	0.325164
0.544	0.309924
0.542	0.295162
0.54	0.280879
0.538	0.267073
0.536	0.253742
0.534	0.240884
0.532	0.228495
0.53	0.21657
0.528	0.205102
0.526	0.194087
0.524	0.183517
0.522	0.173383
0.52	0.163678
0.518	0.154393
0.516	0.145518
0.514	0.137043
0.512	0.128959
0.51	0.121254
0.508	0.113919
0.506	0.106942
0.504	0.100312
0.502	0.0940176
0.5	0.0880478
0.498	0.0823911
0.496	0.0770362
0.494	0.0719717
0.492	0.0671864
0.49	0.0626691
0.488	0.0584088
0.486	0.0543946
0.484	0.0506157
0.482	0.0470617
0.48	0.0437223
0.478	0.0405873
0.476	0.037647
0.474	0.0348918
0.472	0.0323124
0.47	0.0298997
0.468	0.027645
0.466	0.0255399
0.464	0.0235763
0.462	0.0217462
0.46	0.0200421
0.458	0.0184568
0.456	0.0169833
0.454	0.015615
0.452	0.0143454
0.45	0.0131685
0.448	0.0120785
0.446	0.0110698
0.444	0.0101373
0.442	0.00927588
0.44	0.00848089
0.438	0.00774783
0.436	0.00707248
0.434	0.00645083
0.432	0.00587912
0.43	0.00535379
0.428	0.0048715
0.426	0.00442912
0.424	0.00402369
0.422	0.00365244
0.42	0.0033128
0.418	0.00300234
0.416	0.0027188
0.414	0.00246006
0.412	0.00222417
0.41	0.00200929
0.408	0.00181372
0.406	0.00163588
0.404	0.00147429
0.402	0.0013276
0.4	0.00119455
0.398	0.00107398
0.396	0.000964803
0.394	0.000866032
0.392	0.000776751
0.39	0.000696117
0.388	0.000623354
0.386	0.000557751
0.384	0.000498653
0.382	0.00044546
0.38	0.000397624
0.378	0.00035464
0.376	0.000316051
0.374	0.000281435
0.372	0.00025041
0.37	0.000222627
0.368	0.000197768
0.366	0.000175544
0.364	0.000155693
0.362	0.000137977
0.36	0.000122179
0.358	0.000108103
0.356	9.55721e-05
0.354	8.44263e-05
0.352	7.45207e-05
0.35	6.57247e-05
0.348	5.79205e-05
0.346	5.10023e-05
0.344	4.48744e-05
0.342	3.94512e-05
0.34	3.46557e-05
0.338	3.04188e-05
0.336	2.66785e-05
0.334	2.33794e-05
0.332	2.04719e-05
0.33	1.79117e-05
0.328	1.56591e-05
0.326	1.36788e-05
0.324	1.19394e-05
0.322	1.04129e-05
0.32	9.07426e-06
0.318	7.9014e-06
0.316	6.87463e-06
0.314	5.9765e-06
0.312	5.19156e-06
0.31	4.5061e-06
0.308	3.90801e-06
0.306	3.3866e-06
0.304	2.93241e-06
0.302	2.5371e-06
0.3	2.19333e-06
0.298	1.89462e-06
0.296	1.63528e-06
0.294	1.41032e-06
0.292	1.21533e-06
0.29	1.04646e-06
0.288	9.00331e-07
0.286	7.73991e-07
0.284	6.64848e-07
0.282	5.70639e-07
0.28	4.89387e-07
0.278	4.19369e-07
0.276	3.59082e-07
0.274	3.07215e-07
0.272	2.6263e-07
0.27	2.24336e-07
0.268	1.91472e-07
0.266	1.63292e-07
0.264	1.39148e-07
0.262	1.18479e-07
0.26	1.00799e-07
0.258	8.56895e-08
0.256	7.27864e-08
0.254	6.17767e-08
0.252	5.23905e-08
0.25	4.43948e-08
0.248	3.75893e-08
0.246	3.18016e-08
0.244	2.68836e-08
0.242	2.27079e-08
0.24	1.91655e-08
0.238	1.61628e-08
0.236	1.36196e-08
0.234	1.14674e-08
0.232	9.64754e-09
0.23	8.11002e-09
0.228	6.81209e-09
0.226	5.7173e-09
0.224	4.79462e-09
0.222	4.01763e-09
0.22	3.36386e-09
0.218	2.81423e-09
0.216	2.35252e-09
0.214	1.96498e-09
0.212	1.63998e-09
0.21	1.36763e-09
0.208	1.1396e-09
0.206	9.48831e-10
0.204	7.89364e-10
0.202	6.56174e-10
0.2	5.45021e-10
0.198	4.52334e-10
0.196	3.7511e-10
0.194	3.10821e-10
0.192	2.57344e-10
0.19	2.12898e-10
0.188	1.75987e-10
0.186	1.45359e-10
0.184	1.19966e-10
0.182	9.89292e-11
0.18	8.15162e-11
0.178	6.71145e-11
0.176	5.5213e-11
0.174	4.53856e-11
0.172	3.72776e-11
0.17	3.05936e-11
0.168	2.5088e-11
0.166	2.05567e-11
0.164	1.68304e-11
0.162	1.37685e-11
0.16	1.12546e-11
0.158	9.19242e-12
0.156	7.50205e-12
0.154	6.11763e-12
0.152	4.9847e-12
0.15	4.05832e-12
0.148	3.30147e-12
0.146	2.68362e-12
0.144	2.17965e-12
0.142	1.76891e-12
0.14	1.43442e-12
0.138	1.16225e-12
0.136	9.40969e-13
0.134	7.61209e-13
0.132	6.15298e-13
0.13	4.96957e-13
0.128	4.01056e-13
0.126	3.23403e-13
0.124	2.60577e-13
0.122	2.09788e-13
0.12	1.68763e-13
0.118	1.35652e-13
0.116	1.0895e-13
0.114	8.74342e-14
0.112	7.01114e-14
0.11	5.61756e-14
0.108	4.49738e-14
0.106	3.59769e-14
0.104	2.87569e-14
0.102	2.29674e-14
0.1	1.83288e-14
0.098	1.46153e-14
0.096	1.16449e-14
0.094	9.27076e-15
0.092	7.37476e-15
0.09	5.86183e-15
0.088	4.65554e-15
0.086	3.69454e-15
0.084	2.92957e-15
0.082	2.32113e-15
0.08	1.83758e-15
0.078	1.45361e-15
0.076	1.14895e-15
0.074	9.07414e-16
0.072	7.16084e-16
0.07	5.64644e-16
0.068	4.44875e-16
0.066	3.5023e-16
0.064	2.755e-16
0.062	2.16542e-16
0.06	1.70066e-16
0.058	1.33457e-16
0.056	1.04646e-16
0.054	8.19884e-17
0.052	6.41855e-17
0.05	5.0208e-17
0.048	3.9243e-17
0.046	3.06482e-17
0.044	2.39167e-17
0.042	1.86487e-17
0.04	1.45296e-17
0.038	1.13113e-17
0.036	8.79891e-18
0.034	6.83922e-18
0.032	5.31193e-18
0.03	4.12264e-18
0.028	3.19738e-18
0.026	2.47822e-18
0.024	1.91982e-18
0.022	1.48678e-18
0.02	1.15145e-18
0.018	8.92288e-19
0.016	6.92544e-19
0.014	5.39229e-19
0.012	4.22316e-19
0.01	3.34118e-19
0.008	2.68805e-19
0.006	2.22039e-19
0.004	1.90705e-19
0.002	1.72706e-19
0	1.66838e-19
-0.002	1.72706e-19
-0.004	1.90705e-19
-0.006	2.22039e-19
-0.008	2.68805e-19
-0.01	3.34118e-19
-0.012	4.22316e-19
-0.014	5.39229e-19
-0.016	6.92544e-19
-0.018	8.92288e-19
-0.02	1.15145e-18
-0.022	1.48678e-18
-0.024	1.91982e-18
-0.026	2.47822e-18
-0.028	3.19738e-18
-0.03	4.12264e-18
-0.032	5.31193e-18
-0.034	6.83922e-18
-0.036	8.79891e-18
-0.038	1.13113e-17
-0.04	1.45296e-17
-0.042	1.86487e-17
-0.044	2.39167e-17
-0.046	3.06482e-17
-0.048	3.9243e-17
-0.05	5.0208e-17
-0.052	6.41855e-17
-0.054	8.19884e-17
-0.056	1.04646e-16
-0.058	1.33457e-16
-0.06	1.70066e-16
-0.062	2.16542e-16
-0.064	2.755e-16
-0.066	3.5023e-16
-0.068	4.44875e-16
-0.07	5.64644e-16
-0.072	7.16084e-16
-0.074	9.07414e-16
-0.076	1.14895e-15
-0.078	1.45361e-15
-0.08	1.83758e-15
-0.082	2.32113e-15
-0.084	2.92957e-15
-0.086	3.69454e-15
-0.088	4.65554e-15
-0.09	5.86183e-15
-0.092	7.37476e-15
-0.094	9.27076e-15
-0.096	1.16449e-14
-0.098	1.46153e-14
-0.1	1.83288e-14
-0.102	2.29674e-14
-0.104	2.87569e-14
-0.106	3.59769e-14
-0.108	4.49738e-14
-0.11	5.61756e-14
-0.112	7.01114e-14
-0.114	8.74342e-14
-0.116	1.0895e-13
-0.118	1.35652e-13
-0.12	1.68763e-13
-0.122	2.09788e-13
-0.124	2.60577e-13
-0.126	3.23403e-13
-0.128	4.01056e-13
-0.13	4.96957e-13
-0.132	6.15298e-13
-0.134	7.61209e-13
-0.136	9.40969e-13
-0.138	1.16225e-12
-0.14	1.43442e-12
-0.142	1.76891e-12
-0.144	2.17965e-12
-0.146	2.68362e-12
-0.148	3.30147e-12
-0.15	4.05832e-12
-0.152	4.9847e-12
-0.154	6.11763e-12
-0.156	7.50205e-12
-0.158	9.19242e-12
-0.16	1.12546e-11
-0.162	1.37685e-11
-0.164	1.68304e-11
-0.166	2.05567e-11
-0.168	2.5088e-11
-0.17	3.05936e-11
-0.172	3.72776e-11
-0.174	4.53856e-11
-0.176	5.5213e-11
-0.178	6.71145e-11
-0.18	8.15162e-11
-0.182	9.89292e-11
-0.184	1.19966e-10
-0.186	1.45359e-10
-0.188	1.75987e-10
-0.19	2.12898e-10
-0.192	2.57344e-10
-0.194	3.10821e-10
-0.196	3.7511e-10
-0.198	4.52334e-10
-0.2	5.45021e-10
-0.202	6.56174e-10
-0.204	7.89364e-10
-0.206	9.48831e-10
-0.208	1.1396e-09
-0.21	1.36763e-09
-0.212	1.63998e-09
-0.214	1.96498e-09
-0.216	2.35252e-09
-0.218	2.81423e-09
-0.22	3.36386e-09
-0.222	4.01763e-09
-0.224	4.79462e-09
-0.226	5.7173e-09
-0.228	6.81209e-09
-0.23	8.11002e-09
-0.232	9.64754e-09
-0.234	1.14674e-08
-0.236	1.36196e-08
-0.238	1.61628e-08
-0.24	1.91655e-08
-0.242	2.27079e-08
-0.244	2.68836e-08
-0.246	3.18016e-08
-0.248	3.75893e-08
-0.25	4.43948e-08
-0.252	5.23905e-08
-0.254	6.17767e-08
-0.256	7.27864e-08
-0.258	8.56895e-08
-0.26	1.00799e-07
-0.262	1.18479e-07
-0.264	1.39148e-07
-0.266	1.63292e-07
-0.268	1.91472e-07
-0.27	2.24336e-07
-0.272	2.6263e-07
-0.274	3.07215e-07
-0.276	3.59082e-07
-0.278	4.19369e-07
-0.28	4.89387e-07
-0.282	5.70639e-07
-0.284	6.64848e-07
-0.286	7.73991e-07
-0.288	9.00331e-07
-0.29	1.04646e-06
-0.292	1.21533e-06
-0.294	1.41032e-06
-0.296	1.63528e-06
-0.298	1.89462e-06
-0.3	2.19333e-06
-0.302	2.5371e-06
-0.304	2.93241e-06
-0.306	3.3866e-06
-0.308	3.90801e-06
-0.31	4.5061e-06
-0.312	5.19156e-06
-0.314	5.9765e-06
-0.316	6.87463e-06
-0.318	7.9014e-06
-0.32	9.07426e-06
-0.322	1.04129e-05
-0.324	1.19394e-05
-0.326	1.36788e-05
-0.328	1.56591e-05
-0.33	1.79117e-05
-0.332	2.04719e-05
-0.334	2.33794e-05
-0.336	2.66785e-05
-0.338	3.04188e-05
-0.34	3.46557e-05
-0.342	3.94512e-05
-0.344	4.48744e-05
-0.346	5.10023e-05
-0.348	5.79205e-05
-0.35	6.57247e-05
-0.352	7.45207e-05
-0.354	8.44263e-05
-0.356	9.55721e-05
-0.358	0.000108103
-0.36	0.000122179
-0.362	0.000137977
-0.364	0.000155693
-0.366	0.000175544
-0.368	0.000197768
-0.37	0.000222627
-0.372	0.00025041
-0.374	0.000281435
-0.376	0.000316051
-0.378	0.00035464
-0.38	0.000397624
-0.382	0.00044546
-0.384	0.000498653
-0.386	0.000557751
-0.388	0.000623354
-0.39	0.000696117
-0.392	0.000776751
-0.394	0.000866032
-0.396	0.000964803
-0.398	0.00107398
-0.4	0.00119455
-0.402	0.0013276
-0.404	0.00147429
-0.406	0.00163588
-0.408	0.00181372
-0.41	0.00200929
-0.412	0.00222417
-0.414	0.00246006
-0.416	0.0027188
-0.418	0.00300234
-0.42	0.0033128
-0.422	0.00365244
-0.424	0.00402369
-0.426	0.00442912
-0.428	0.0048715
-0.43	0.00535379
-0.432	0.00587912
-0.434	0.00645083
-0.436	0.00707248
-0.438	0.00774783
-0.44	0.00848089
-0.442	0.00927588
-0.444	0.0101373
-0.446	0.0110698
-0.448	0.0120785
-0.45	0.0131685
-0.452	0.0143454
-0.454	0.015615
-0.456	0.0169833
-0.458	0.0184568
-0.46	0.0200421
-0.462	0.0217462
-0.464	0.0235763
-0.466	0.0255399
-0.468	0.027645
-0.47	0.0298997
-0.472	0.0323124
-0.474	0.0348918
-0.476	0.037647
-0.478	0.0405873
-0.48	0.0437223
-0.482	0.0470617
-0.484	0.0506157
-0.486	0.0543946
-0.488	0.0584088
-0.49	0.0626691
-0.492	0.0671864
-0.494	0.0719717
-0.496	0.0770362
-0.498	0.0823911
-0.5	0.0880478
-0.502	0.0940176
-0.504	0.100312
-0.506	0.106942
-0.508	0.113919
-0.51	0.121254
-0.512	0.128959
-0.514	0.137043
-0.516	0.145518
-0.518	0.154393
-0.52	0.163678
-0.522	0.173383
-0.524	0.183517
-0.526	0.194087
-0.528	0.205102
-0.53	0.21657
-0.532	0.228495
-0.534	0.240884
-0.536	0.253742
-0.538	0.267073
-0.54	0.280879
-0.542	0.295162
-0.544	0.309924
-0.546	0.325164
-0.548	0.34088
-0.55	0.357071
-0.552	0.373731
-0.554	0.390855
-0.556	0.408438
-0.558	0.42647
-0.56	0.444942
-0.562	0.463843
-0.564	0.48316
-0.566	0.50288
-0.568	0.522985
-0.57	0.543459
-0.572	0.564284
-0.574	0.585437
-0.576	0.606898
-0.578	0.628643
-0.58	0.650646
-0.582	0.672881
-0.584	0.695318
-0.586	0.71793
-0.588	0.740684
-0.59	0.763548
-0.592	0.786489
-0.594	0.809471
-0.596	0.832458
-0.598	0.855414
-0.6	0.878299
-0.602	0.901076
-0.604	0.923704
-0.606	0.946143
-0.608	0.968352
-0.61	0.99029
-0.612	1.01192
-0.614	1.03319
-0.616	1.05406
-0.618	1.0745
-0.62	1.09445
-0.622	1.11389
-0.624	1.13276
-0.626	1.15103
-0.628	1.16867
-0.63	1.18562
-0.632	1.20186
-0.634	1.21734
-0.636	1.23204
-0.638	1.24592
-0.64	1.25895
-0.642	1.2711
-0.644	1.28233
-0.646	1.29264
-0.648	1.30198
-0.65	1.31034
-0.652	1.31771
-0.654	1.32405
-0.656	1.32936
-0.658	1.33362
-0.66	1.33683
-0.662	1.33898
-0.664	1.34005
-0.666	1.34006
-0.668	1.33899
-0.67	1.33685
-0.672	1.33365
-0.674	1.3294
-0.676	1.3241
-0.678	1.31776
-0.68	1.31041
-0.682	1.30206
-0.684	1.29272
-0.686	1.28243
-0.688	1.2712
-0.69	1.25907
-0.692	1.24605
-0.694	1.23218
-0.696	1.2175
-0.698	1.20203
-0.7	1.1858
-0.702	1.16887
-0.704	1.15125
-0.706	1.13299
-0.708	1.11414
-0.71	1.09472
-0.712	1.07479
-0.714	1.05438
-0.716	1.03353
-0.718	1.01229
-0.72	0.99069
-0.722	0.968784
-0.724	0.94661
-0.726	0.924209
-0.728	0.901622
-0.73	0.87889
-0.732	0.856054
-0.734	0.833152
-0.736	0.810223
-0.738	0.787304
-0.74	0.764433
-0.742	0.741644
-0.744	0.718971
-0.746	0.696449
-0.748	0.674107
-0.75	0.651977
-0.752	0.630088
-0.754	0.608467
-0.756	0.58714
-0.758	0.566131
-0.76	0.545463
-0.762	0.525158
-0.764	0.505236
-0.766	0.485714
-0.768	0.46661
-0.77	0.447939
-0.772	0.429714
-0.774	0.411948
-0.776	0.394651
-0.778	0.377833
-0.78	0.361502
-0.782	0.345665
-0.784	0.330326
-0.786	0.315491
-0.788	0.301161
-0.79	0.287339
-0.792	0.274025
-0.794	0.261219
-0.796	0.24892
-0.798	0.237125
-0.8	0.225832
-0.802	0.215036
-0.804	0.204732
-0.806	0.194916
-0.808	0.185582
-0.81	0.176722
-0.812	0.16833
-0.814	0.160398
-0.816	0.152918
-0.818	0.145882
-0.82	0.139281
-0.822	0.133107
-0.824	0.127349
-0.826	0.122
-0.828	0.117048
-0.83	0.112485
-0.832	0.108301
-0.834	0.104486
-0.836	0.10103
-0.838	0.0979227
-0.84	0.0951549
-0.842	0.0927166
-0.844	0.0905978
-0.846	0.0887888
-0.848	0.08728
-0.85	0.0860617
-0.852	0.0851243
-0.854	0.0844584
-0.856	0.0840545
-0.858	0.0839035
-0.86	0.0839961
-0.862	0.0843232
-0.864	0.0848757
-0.866	0.0856447
-0.868	0.0866214
-0.87	0.087797
-0.872	0.0891626
-0.874	0.0907097
-0.876	0.0924297
-0.878	0.0943138
-0.88	0.0963536
-0.882	0.0985406
-0.884	0.100866
-0.886	0.103322
-0.888	0.1059
-0.89	0.108591
-0.892	0.111386
-0.894	0.114278
-0.896	0.117258
-0.898	0.120317
-0.9	0.123448
-0.902	0.12664
-0.904	0.129887
-0.906	0.133179
-0.908	0.136507
-0.91	0.139865
-0.912	0.143241
-0.914	0.14663
-0.916	0.150021
-0.918	0.153407
-0.92	0.156778
-0.922	0.160128
-0.924	0.163447
-0.926	0.166727
-0.928	0.169961
-0.93	0.17314
-0.932	0.176256
-0.934	0.179302
-0.936	0.18227
-0.938	0.185153
-0.94	0.187943
-0.942	0.190634
-0.944	0.19322
-0.946	0.195692
-0.948	0.198046
-0.95	0.200276
-0.952	0.202375
-0.954	0.204338
-0.956	0.206161
-0.958	0.207839
-0.96	0.209367
-0.962	0.210742
-0.964	0.21196
-0.966	0.213018
-0.968	0.213914
-0.97	0.214645
-0.972	0.215209
-0.974	0.215605
-0.976	0.215832
-0.978	0.215889
-0.98	0.215776
-0.982	0.215494
-0.984	0.215044
-0.986	0.214426
-0.988	0.213643
-0.99	0.212696
-0.992	0.211588
-0.994	0.210322
-0.996	0.208901
-0.998	0.207329
-1	0.205611
-1.002	0.20375
-1.004	0.201752
-1.006	0.199622
-1.008	0.197365
-1.01	0.194987
-1.012	0.192494
-1.014	0.189894
-1.016	0.187192
-1.018	0.184396
-1.02	0.181512
-1.022	0.178549
-1.024	0.175513
-1.026	0.172413
-1.028	0.169256
-1.03	0.166051
-1.032	0.162805
-1.034	0.159528
-1.036	0.156227
-1.038	0.15291
-1.04	0.149588
-1.042	0.146267
-1.044	0.142956
-1.046	0.139665
-1.048	0.136401
-1.05	0.133174
-1.052	0.129992
-1.054	0.126864
-1.056	0.123797
-1.058	0.120802
-1.06	0.117886
-1.062	0.115057
-1.064	0.112325
-1.066	0.109697
-1.068	0.107181
-1.07	0.104787
-1.072	0.102522
-1.074	0.100395
-1.076	0.098413
-1.078	0.0965845
-1.08	0.0949175
-1.082	0.0934199
-1.084	0.0920996
-1.086	0.0909644
-1.088	0.090022
-1.09	0.0892802
-1.092	0.0887466
-1.094	0.0884288
-1.096	0.0883344
-1.098	0.0884707
-1.1	0.0888452
-1.102	0.0894652
-1.104	0.090338
-1.106	0.0914708
-1.108	0.0928705
-1.11	0.0945443
-1.112	0.0964989
-1.114	0.098741
-1.116	0.101277
-1.118	0.104114
-1.12	0.107258
-1.122	0.110715
-1.124	0.11449
-1.126	0.11859
-1.128	0.123019
-1.13	0.127783
-1.132	0.132886
-1.134	0.138334
-1.136	0.144129
-1.138	0.150275
-1.14	0.156776
-1.142	0.163634
-1.144	0.170852
-1.146	0.17843
-1.148	0.186371
-1.15	0.194674
-1.152	0.203339
-1.154	0.212366
-1.156	0.221753
-1.158	0.231497
-1.16	0.241595
-1.162	0.252044
-1.164	0.262838
-1.166	0.273972
-1.168	0.285439
-1.17	0.297233
-1.172	0.309343
-1.174	0.321761
-1.176	0.334477
-1.178	0.347478
-1.18	0.360754
-1.182	0.374289
-1.184	0.388071
-1.186	0.402082
-1.188	0.416308
-1.19	0.43073
-1.192	0.44533
-1.194	0.460088
-1.196	0.474985
-1.198	0.489999
-1.2	0.505107
-1.202	0.520288
-1.204	0.535517
-1.206	0.550769
-1.208	0.56602
-1.21	0.581244
-1.212	0.596415
-1.214	0.611504
-1.216	0.626487
-1.218	0.641333
-1.22	0.656016
-1.222	0.670508
-1.224	0.68478
-1.226	0.698804
-1.228	0.712551
-1.23	0.725994
-1.232	0.739104
-1.234	0.751855
-1.236	0.764218
-1.238	0.776167
-1.24	0.787677
-1.242	0.798721
-1.244	0.809276
-1.246	0.819318
-1.248	0.828823
-1.25	0.83777
-1.252	0.84614
-1.254	0.853911
-1.256	0.861067
-1.258	0.86759
-1.26	0.873465
-1.262	0.878679
-1.264	0.883219
-1.266	0.887073
-1.268	0.890234
-1.27	0.892693
-1.272	0.894445
-1.274	0.895486
-1.276	0.895812
-1.278	0.895424
-1.28	0.894322
-1.282	0.89251
-1.284	0.889991
-1.286	0.886772
-1.288	0.882861
-1.29	0.878267
-1.292	0.873001
-1.294	0.867076
-1.296	0.860506
-1.298	0.853307
-1.3	0.845496
-1.302	0.837091
-1.304	0.828112
-1.306	0.81858
-1.308	0.808516
-1.31	0.797944
-1.312	0.786888
-1.314	0.775371
-1.316	0.763421
-1.318	0.751063
-1.32	0.738324
-1.322	0.725231
-1.324	0.711811
-1.326	0.698094
-1.328	0.684108
-1.33	0.66988
-1.332	0.655439
-1.334	0.640813
-1.336	0.626031
-1.338	0.61112
-1.34	0.596109
-1.342	0.581024
-1.344	0.565892
-1.346	0.55074
-1.348	0.535593
-1.35	0.520476
-1.352	0.505414
-1.354	0.490429
-1.356	0.475545
-1.358	0.460784
-1.36	0.446165
-1.362	0.43171
-1.364	0.417436
-1.366	0.403363
-1.368	0.389506
-1.37	0.375882
-1.372	0.362505
-1.374	0.34939
-1.376	0.336547
-1.378	0.32399
-1.38	0.311729
-1.382	0.299772
-1.384	0.288129
-1.386	0.276806
-1.388	0.26581
-1.39	0.255146
-1.392	0.244818
-1.394	0.23483
-1.396	0.225184
-1.398	0.215882
-1.4	0.206924
-1.402	0.19831
-1.404	0.190039
-1.406	0.182109
-1.408	0.174518
-1.41	0.167263
-1.412	0.160339
-1.414	0.153743
-1.416	0.14747
-1.418	0.141514
-1.42	0.135869
-1.422	0.130529
-1.424	0.125487
-1.426	0.120735
-1.428	0.116266
-1.43	0.112072
-1.432	0.108146
-1.434	0.104478
-1.436	0.10106
-1.438	0.0978838
-1.44	0.0949398
-1.442	0.0922191
-1.444	0.0897128
-1.446	0.0874116
-1.448	0.0853063
-1.45	0.0833877
-1.452	0.0816466
-1.454	0.0800739
-1.456	0.0786604
-1.458	0.0773971
-1.46	0.0762751
-1.462	0.0752854
-1.464	0.0744195
-1.466	0.0736687
-1.468	0.0730246
-1.47	0.072479
-1.472	0.0720238
-1.474	0.0716511
-1.476	0.0713533
-1.478	0.0711228
-1.48	0.0709524
-1.482	0.070835
-1.484	0.070764
-1.486	0.0707326
-1.488	0.0707347
-1.49	0.070764
-1.492	0.0708149
-1.494	0.0708817
-1.496	0.0709591
-1.498	0.0710421
-1.5	0.0711259
-1.502	0.0712059
-1.504	0.071278
-1.506	0.0713381
-1.508	0.0713824
-1.51	0.0714076
-1.512	0.0714104
-1.514	0.0713878
-1.516	0.0713372
-1.518	0.071256
-1.52	0.0711422
-1.522	0.0709937
-1.524	0.0708088
-1.526	0.0705861
-1.528	0.0703244
-1.53	0.0700225
-1.532	0.0696798
-1.534	0.0692956
-1.536	0.0688695
-1.538	0.0684015
-1.54	0.0678914
-1.542	0.0673395
-1.544	0.0667463
-1.546	0.0661121
-1.548	0.0654379
-1.55	0.0647243
-1.552	0.0639725
-1.554	0.0631836
-1.556	0.0623589
-1.558	0.0614997
-1.56	0.0606076
-1.562	0.0596841
-1.564	0.0587311
-1.566	0.0577502
-1.568	0.0567433
-1.57	0.0557124
-1.572	0.0546594
-1.574	0.0535864
-1.576	0.0524954
-1.578	0.0513886
-1.58	0.050268
-1.582	0.0491358
-1.584	0.0479943
-1.586	0.0468455
-1.588	0.0456916
-1.59	0.0445349
-1.592	0.0433773
-1.594	0.0422212
-1.596	0.0410685
-1.598	0.0399213
-1.6	0.0387818
-1.602	0.037652
-1.604	0.0365337
-1.606	0.035429
-1.608	0.0343398
-1.61	0.0332679
-1.612	0.0322152
-1.614	0.0311834
-1.616	0.0301743
-1.618	0.0291895
-1.62	0.0282307
-1.622	0.0272995
-1.624	0.0263975
-1.626	0.0255262
-1.628	0.024687
-1.63	0.0238815
-1.632	0.023111
-1.634	0.022377
-1.636	0.0216807
-1.638	0.0210236
-1.64	0.020407
-1.642	0.0198321
-1.644	0.0193003
-1.646	0.0188129
-1.648	0.018371
-1.65	0.0179761
-1.652	0.0176292
-1.654	0.0173319
-1.656	0.0170852
-1.658	0.0168905
-1.66	0.0167491
-1.662	0.0166623
-1.664	0.0166315
-1.666	0.0166579
-1.668	0.016743
-1.67	0.0168882
-1.672	0.0170948
-1.674	0.0173642
-1.676	0.017698
-1.678	0.0180976
-1.68	0.0185644
-1.682	0.0191001
-1.684	0.019706
-1.686	0.0203838
-1.688	0.0211349
-1.69	0.0219609
-1.692	0.0228634
-1.694	0.0238438
-1.696	0.0249037
-1.698	0.0260446
-1.7	0.0272679
-1.702	0.0285751
-1.704	0.0299677
-1.706	0.0314468
-1.708	0.0330139
-1.71	0.0346701
-1.712	0.0364167
-1.714	0.0382546
-1.716	0.0401848
-1.718	0.0422082
-1.72	0.0443255
-1.722	0.0465372
-1.724	0.048844
-1.726	0.051246
-1.728	0.0537434
-1.73	0.0563362
-1.732	0.0590242
-1.734	0.0618069
-1.736	0.0646837
-1.738	0.0676537
-1.74	0.070716
-1.742	0.0738691
-1.744	0.0771116
-1.746	0.0804416
-1.748	0.0838571
-1.75	0.0873557
-1.752	0.0909348
-1.754	0.0945915
-1.756	0.0983226
-1.758	0.102125
-1.76	0.105994
-1.762	0.109927
-1.764	0.113919
-1.766	0.117964
-1.768	0.12206
-1.77	0.126199
-1.772	0.130378
-1.774	0.13459
-1.776	0.138829
-1.778	0.143089
-1.78	0.147364
-1.782	0.151647
-1.784	0.155931
-1.786	0.160209
-1.788	0.164474
-1.79	0.168719
-1.792	0.172936
-1.794	0.177118
-1.796	0.181256
-1.798	0.185344
-1.8	0.189373
-1.802	0.193335
-1.804	0.197223
-1.806	0.201029
-1.808	0.204744
-1.81	0.208362
-1.812	0.211875
-1.814	0.215275
-1.816	0.218555
-1.818	0.221707
-1.82	0.224726
-1.822	0.227603
-1.824	0.230333
-1.826	0.23291
-1.828	0.235327
-1.83	0.23758
-1.832	0.239662
-1.834	0.241569
-1.836	0.243297
-1.838	0.244841
-1.84	0.246198
-1.842	0.247365
-1.844	0.248339
-1.846	0.249117
-1.848	0.249698
-1.85	0.25008
-1.852	0.250262
-1.854	0.250245
-1.856	0.250027
-1.858	0.24961
-1.86	0.248994
-1.862	0.248182
-1.864	0.247174
-1.866	0.245974
-1.868	0.244583
-1.87	0.243007
-1.872	0.241247
-1.874	0.239309
-1.876	0.237197
-1.878	0.234915
-1.88	0.23247
-1.882	0.229866
-1.884	0.22711
-1.886	0.224208
-1.888	0.221166
-1.89	0.217991
-1.892	0.214691
-1.894	0.211271
-1.896	0.20774
-1.898	0.204105
-1.9	0.200374
-1.902	0.196555
-1.904	0.192654
-1.906	0.188681
-1.908	0.184642
-1.91	0.180546
-1.912	0.176401
-1.914	0.172214
-1.916	0.167993
-1.918	0.163745
-1.92	0.159478
-1.922	0.1552
-1.924	0.150917
-1.926	0.146636
-1.928	0.142364
-1.93	0.138108
-1.932	0.133875
-1.934	0.129669
-1.936	0.125497
-1.938	0.121365
-1.94	0.117277
-1.942	0.11324
-1.944	0.109257
-1.946	0.105333
-1.948	0.101473
-1.95	0.09768
-1.952	0.0939577
-1.954	0.0903096
-1.956	0.0867386
-1.958	0.0832474
-1.96	0.0798385
-1.962	0.076514
-1.964	0.0732759
-1.966	0.0701256
-1.968	0.0670645
-1.97	0.0640938
-1.972	0.0612142
-1.974	0.0584264
-1.976	0.0557306
-1.978	0.0531271
-1.98	0.0506158
-1.982	0.0481964
-1.984	0.0458685
-1.986	0.0436314
-1.988	0.0414843
-1.99	0.0394263
-1.992	0.0374564
-1.994	0.0355731
-1.996	0.0337754
-1.998	0.0320615
-2	0.0304301
-2.002	0.0288795
-2.004	0.0274079
-2.006	0.0260135
-2.008	0.0246946
-2.01	0.0234491
-2.012	0.0222752
-2.014	0.0211709
-2.016	0.0201341
-2.018	0.0191629
-2.02	0.0182552
-2.022	0.017409
-2.024	0.0166223
-2.026	0.0158931
-2.028	0.0152193
-2.03	0.014599
-2.032	0.0140302
-2.034	0.013511
-2.036	0.0130395
-2.038	0.0126139
-2.04	0.0122324
-2.042	0.0118931
-2.044	0.0115943
-2.046	0.0113344
-2.048	0.0111118
-2.05	0.0109248
-2.052	0.0107719
-2.054	0.0106517
-2.056	0.0105628
-2.058	0.0105037
-2.06	0.0104732
-2.062	0.0104699
-2.064	0.0104928
-2.066	0.0105406
-2.068	0.0106122
-2.07	0.0107066
-2.072	0.0108228
-2.074	0.0109598
-2.076	0.0111167
-2.078	0.0112928
-2.08	0.0114871
-2.082	0.0116989
-2.084	0.0119275
-2.086	0.0121721
-2.088	0.0124323
-2.09	0.0127073
-2.092	0.0129965
-2.094	0.0132996
-2.096	0.0136158
-2.098	0.0139448
-2.1	0.0142862
-2.102	0.0146394
-2.104	0.0150041
-2.106	0.01538
-2.108	0.0157666
-2.11	0.0161636
-2.112	0.0165707
-2.114	0.0169875
-2.116	0.0174139
-2.118	0.0178493
-2.12	0.0182937
-2.122	0.0187466
-2.124	0.0192078
-2.126	0.0196769
-2.128	0.0201538
-2.13	0.0206381
-2.132	0.0211294
-2.134	0.0216275
-2.136	0.022132
-2.138	0.0226426
-2.14	0.023159
-2.142	0.0236806
-2.144	0.0242073
-2.146	0.0247385
-2.148	0.0252737
-2.15	0.0258127
-2.152	0.0263548
-2.154	0.0268995
-2.156	0.0274463
-2.158	0.0279948
-2.16	0.0285441
-2.162	0.0290939
-2.164	0.0296434
-2.166	0.0301919
-2.168	0.0307388
-2.17	0.0312833
-2.172	0.0318248
-2.174	0.0323623
-2.176	0.0328952
-2.178	0.0334227
-2.18	0.0339438
-2.182	0.0344578
-2.184	0.0349637
-2.186	0.0354608
-2.188	0.035948
-2.19	0.0364245
-2.192	0.0368894
-2.194	0.0373418
-2.196	0.0377807
-2.198	0.0382052
-2.2	0.0386144
-2.202	0.0390074
-2.204	0.0393833
-2.206	0.0397412
-2.208	0.0400803
-2.21	0.0403996
-2.212	0.0406985
-2.214	0.040976
-2.216	0.0412314
-2.218	0.0414641
-2.22	0.0416732
-2.222	0.0418582
-2.224	0.0420184
-2.226	0.0421532
-2.228	0.0422622
-2.23	0.0423449
-2.232	0.0424009
-2.234	0.0424298
-2.236	0.0424313
-2.238	0.0424052
-2.24	0.0423513
-2.242	0.0422695
-2.244	0.0421598
-2.246	0.0420221
-2.248	0.0418565
-2.25	0.0416632
-2.252	0.0414423
-2.254	0.0411942
-2.256	0.0409192
-2.258	0.0406176
-2.26	0.04029
-2.262	0.0399368
-2.264	0.0395586
-2.266	0.0391561
-2.268	0.0387299
-2.27	0.0382808
-2.272	0.0378095
-2.274	0.037317
-2.276	0.036804
-2.278	0.0362715
-2.28	0.0357205
-2.282	0.0351519
-2.284	0.0345668
-2.286	0.0339663
-2.288	0.0333513
-2.29	0.032723
-2.292	0.0320825
-2.294	0.0314309
-2.296	0.0307694
-2.298	0.0300991
-2.3	0.0294211
-2.302	0.0287366
-2.304	0.0280467
-2.306	0.0273525
-2.308	0.0266552
-2.31	0.0259557
-2.312	0.0252553
-2.314	0.0245549
-2.316	0.0238556
-2.318	0.0231583
-2.32	0.0224641
-2.322	0.0217739
-2.324	0.0210886
-2.326	0.020409
-2.328	0.0197361
-2.33	0.0190705
-2.332	0.018413
-2.334	0.0177644
-2.336	0.0171253
-2.338	0.0164964
-2.34	0.0158781
-2.342	0.0152712
-2.344	0.0146759
-2.346	0.0140929
-2.348	0.0135225
-2.35	0.012965
-2.352	0.0124208
-2.354	0.0118901
-2.356	0.0113733
-2.358	0.0108704
-2.36	0.0103817
-2.362	0.00990723
-2.364	0.0094471
-2.366	0.00900134
-2.368	0.00856997
-2.37	0.00815297
-2.372	0.00775028
-2.374	0.00736183
-2.376	0.00698749
-2.378	0.00662714
-2.38	0.00628061
-2.382	0.00594772
-2.384	0.00562826
-2.386	0.00532202
-2.388	0.00502876
-2.39	0.00474821
-2.392	0.00448011
-2.394	0.00422417
-2.396	0.00398011
-2.398	0.00374761
-2.4	0.00352638
-2.402	0.00331608
-2.404	0.00311641
-2.406	0.00292704
-2.408	0.00274764
-2.41	0.00257787
-2.412	0.00241742
-2.414	0.00226595
-2.416	0.00212314
-2.418	0.00198865
-2.42	0.00186218
-2.422	0.00174341
-2.424	0.00163202
-2.426	0.00152772
-2.428	0.00143019
-2.43	0.00133915
-2.432	0.00125432
-2.434	0.00117541
-2.436	0.00110216
-2.438	0.00103429
-2.44	0.00097157
-2.442	0.000913738
-2.444	0.00086056
-2.446	0.000811808
-2.448	0.000767261
-2.45	0.000726707
-2.452	0.000689942
-2.454	0.000656771
-2.456	0.000627006
-2.458	0.000600468
-2.46	0.000576985
-2.462	0.000556394
-2.464	0.000538538
-2.466	0.000523267
-2.468	0.00051044
-2.47	0.00049992
-2.472	0.000491578
-2.474	0.00048529
-2.476	0.000480939
-2.478	0.000478413
-2.48	0.000477605
-2.482	0.000478413
-2.484	0.000480739
-2.486	0.000484492
-2.488	0.000489582
-2.49	0.000495923
-2.492	0.000503436
-2.494	0.00051204
-2.496	0.000521663
-2.498	0.00053223
-2.5	0.000543673
-2.502	0.000555925
-2.504	0.000568919
-2.506	0.000582594
-2.508	0.000596887
-2.51	0.000611739
-2.512	0.000627093
-2.514	0.000642891
-2.516	0.000659078
-2.518	0.0006756
-2.52	0.000692404
-2.522	0.000709437
-2.524	0.000726648
-2.526	0.000743987
-2.528	0.000761404
-2.53	0.000778851
-2.532	0.000796279
-2.534	0.000813642
-2.536	0.000830893
-2.538	0.000847987
-2.54	0.000864878
-2.542	0.000881524
-2.544	0.000897881
-2.546	0.000913906
-2.548	0.00092956
-2.55	0.000944803
-2.552	0.000959594
-2.554	0.000973898
-2.556	0.000987677
-2.558	0.0010009
-2.56	0.00101352
-2.562	0.00102552
-2.564	0.00103687
-2.566	0.00104753
-2.568	0.00105748
-2.57	0.00106669
-2.572	0.00107514
-2.574	0.00108281
-2.576	0.00108967
-2.578	0.00109571
-2.58	0.00110092
-2.582	0.00110528
-2.584	0.00110877
-2.586	0.0011114
-2.588	0.00111314
-2.59	0.00111401
-2.592	0.00111398
-2.594	0.00111307
-2.596	0.00111128
-2.598	0.0011086
-2.6	0.00110505
-2.602	0.00110063
-2.604	0.00109536
-2.606	0.00108924
-2.608	0.00108229
-2.61	0.00107453
-2.612	0.00106597
-2.614	0.00105663
-2.616	0.00104654
-2.618	0.00103572
-2.62	0.00102419
-2.622	0.00101198
-2.624	0.00099911
-2.626	0.000985621
-2.628	0.000971536
-2.63	0.000956887
-2.632	0.000941705
-2.634	0.000926024
-2.636	0.000909876
-2.638	0.000893294
-2.64	0.000876313
-2.642	0.000858968
-2.644	0.000841293
-2.646	0.000823323
-2.648	0.000805093
-2.65	0.000786636
-2.652	0.000767989
-2.654	0.000749183
-2.656	0.000730254
-2.658	0.000711234
-2.66	0.000692155
-2.662	0.00067305
-2.664	0.000653948
-2.666	0.000634881
-2.668	0.000615876
-2.67	0.000596963
-2.672	0.000578168
-2.674	0.000559517
-2.676	0.000541034
-2.678	0.000522744
-2.68	0.000504668
-2.682	0.000486827
-2.684	0.000469242
-2.686	0.00045193
-2.688	0.000434909
-2.69	0.000418194
-2.692	0.0004018
-2.694	0.00038574
-2.696	0.000370026
-2.698	0.000354668
-2.7	0.000339676
-2.702	0.000325057
-2.704	0.000310819
-2.706	0.000296967
-2.708	0.000283505
-2.71	0.000270437
-2.712	0.000257765
-2.714	0.00024549
-2.716	0.000233613
-2.718	0.000222133
-2.72	0.000211048
-2.722	0.000200355
-2.724	0.000190053
-2.726	0.000180136
-2.728	0.0001706
-2.73	0.000161439
-2.732	0.000152649
-2.734	0.000144221
-2.736	0.00013615
-2.738	0.000128428
-2.74	0.000121047
-2.742	0.000113998
-2.744	0.000107275
-2.746	0.000100867
-2.748	9.47661e-05
-2.75	8.89631e-05
-2.752	8.34486e-05
-2.754	7.82133e-05
-2.756	7.32479e-05
-2.758	6.85428e-05
-2.76	6.40887e-05
-2.762	5.9876e-05
-2.764	5.58956e-05
-2.766	5.2138e-05
-2.768	4.85942e-05
-2.77	4.5255e-05
-2.772	4.21116e-05
-2.774	3.91551e-05
-2.776	3.63771e-05
-2.778	3.37692e-05
-2.78	3.13232e-05
-2.782	2.90311e-05
-2.784	2.68852e-05
-2.786	2.48781e-05
-2.788	2.30023e-05
-2.79	2.1251e-05
-2.792	1.96173e-05
-2.794	1.80948e-05
-2.796	1.6677e-05
-2.798	1.53581e-05
-2.8	1.41321e-05
-2.802	1.29936e-05
-2.804	1.19373e-05
-2.806	1.09581e-05
-2.808	1.00512e-05
-2.81	9.21191e-06
-2.812	8.43598e-06
-2.814	7.71923e-06
-2.816	7.05774e-06
-2.818	6.44776e-06
-2.82	5.8858e-06
-2.822	5.36852e-06
-2.824	4.89278e-06
-2.826	4.45564e-06
-2.828	4.05431e-06
-2.83	3.68617e-06
-2.832	3.34879e-06
-2.834	3.03985e-06
-2.836	2.7572e-06
-2.838	2.49884e-06
-2.84	2.26287e-06
-2.842	2.04755e-06
-2.844	1.85123e-06
-2.846	1.6724e-06
-2.848	1.50964e-06
-2.85	1.36163e-06
-2.852	1.22714e-06
-2.854	1.10506e-06
-2.856	9.94324e-07
-2.858	8.9397e-07
-2.86	8.03102e-07
-2.862	7.20893e-07
-2.864	6.46582e-07
-2.866	5.79467e-07
-2.868	5.18904e-07
-2.87	4.64298e-07
-2.872	4.15107e-07
-2.874	3.70831e-07
-2.876	3.31012e-07
-2.878	2.95233e-07
-2.88	2.6311e-07
-2.882	2.34295e-07
-2.884	2.08469e-07
-2.886	1.85342e-07
-2.888	1.64648e-07
-2.89	1.46148e-07
-2.892	1.29623e-07
-2.894	1.14874e-07
-2.896	1.01722e-07
-2.898	9.00041e-08
-2.9	7.95722e-08
-2.902	7.02931e-08
-2.904	6.20465e-08
-2.906	5.47235e-08
-2.908	4.82262e-08
-2.91	4.24663e-08
-2.912	3.73645e-08
-2.914	3.28493e-08
-2.916	2.88566e-08
-2.918	2.53289e-08
-2.92	2.22148e-08
-2.922	1.94679e-08
-2.924	1.7047e-08
-2.926	1.49153e-08
-2.928	1.30396e-08
-2.93	1.13908e-08
-2.932	9.94245e-09
-2.934	8.67134e-09
-2.936	7.55669e-09
-2.938	6.58006e-09
-2.94	5.72507e-09
-2.942	4.97719e-09
-2.944	4.32355e-09
-2.946	3.75276e-09
-2.948	3.25472e-09
-2.95	2.82052e-09
-2.952	2.4423e-09
-2.954	2.11312e-09
-2.956	1.82685e-09
-2.958	1.57811e-09
-2.96	1.36216e-09
-2.962	1.17483e-09
-2.964	1.01248e-09
-2.966	8.71879e-10
-2.968	7.50229e-10
-2.97	6.45064e-10
-2.972	5.54229e-10
-2.974	4.75842e-10
-2.976	4.08259e-10
-2.978	3.50045e-10
-2.98	2.99953e-10
-2.982	2.56892e-10
-2.984	2.19918e-10
-2.986	1.8821e-10
-2.988	1.61053e-10
-2.99	1.37831e-10
-2.992	1.18009e-10
-2.994	1.01126e-10
-2.996	8.67836e-11
-2.998	7.46396e-11
-3	6.44003e-11
-3.002	5.58143e-11
-3.004	4.86673e-11
-3.006	4.27779e-11
-3.008	3.79929e-11
-3.01	3.41845e-11
-3.012	3.12471e-11
-3.014	2.90949e-11
-3.016	2.76595e-11
-3.018	2.68888e-11
-3.02	2.67448e-11
-3.022	2.72028e-11
-3.024	2.82507e-11
-3.026	2.98877e-11
-3.028	3.21244e-11
-3.03	3.49822e-11
-3.032	3.8493e-11
-3.034	4.26998e-11
-3.036	4.76563e-11
-3.038	5.34278e-11
-3.04	6.00912e-11
-3.042	6.77359e-11
-3.044	7.64647e-11
-3.046	8.63945e-11
-3.048	9.76575e-11
-3.05	1.10402e-10
-3.052	1.24796e-10
-3.054	1.41023e-10
-3.056	1.59293e-10
-3.058	1.79835e-10
-3.06	2.02903e-10
-3.062	2.28782e-10
-3.064	2.57783e-10
-3.066	2.90251e-10
-3.068	3.26566e-10
-3.07	3.67147e-10
-3.072	4.12454e-10
-3.074	4.62992e-10
-3.076	5.19315e-10
-3.078	5.82032e-10
-3.08	6.51807e-10
-3.082	7.29368e-10
-3.084	8.1551e-10
-3.086	9.111e-10
-3.088	1.01708e-09
-3.09	1.13449e-09
-3.092	1.26444e-09
-3.094	1.40814e-09
-3.096	1.56693e-09
-3.098	1.74223e-09
-3.1	1.9356e-09
-3.102	2.1487e-09
-3.104	2.38336e-09
-3.106	2.64153e-09
-3.108	2.92533e-09
-3.11	3.23703e-09
-3.112	3.57908e-09
-3.114	3.95411e-09
-3.116	4.36494e-09
-3.118	4.8146e-09
-3.12	5.30634e-09
-3.122	5.84362e-09
-3.124	6.43016e-09
-3.126	7.06991e-09
-3.128	7.7671e-09
-3.13	8.52622e-09
-3.132	9.35204e-09
-3.134	1.02497e-08
-3.136	1.12244e-08
-3.138	1.22821e-08
-3.14	1.34287e-08
-3.142	1.46705e-08
-3.144	1.60144e-08
-3.146	1.74674e-08
-3.148	1.9037e-08
-3.15	2.07311e-08
-3.152	2.25579e-08
-3.154	2.4526e-08
-3.156	2.66445e-08
-3.158	2.89228e-08
-3.16	3.13709e-08
-3.162	3.39989e-08
-3.164	3.68177e-08
-3.166	3.98382e-08
-3.168	4.30721e-08
-3.17	4.65313e-08
-3.172	5.02281e-08
-3.174	5.41752e-08
-3.176	5.83857e-08
-3.178	6.28732e-08
-3.18	6.76515e-08
-3.182	7.27347e-08
-3.184	7.81373e-08
-3.186	8.38741e-08
-3.188	8.996e-08
-3.19	9.64104e-08
-3.192	1.03241e-07
-3.194	1.10467e-07
-3.196	1.18103e-07
-3.198	1.26167e-07
-3.2	1.34674e-07
-3.202	1.4364e-07
-3.204	1.53079e-07
-3.206	1.63009e-07
-3.208	1.73444e-07
-3.21	1.84399e-07
-3.212	1.9589e-07
-3.214	2.0793e-07
-3.216	2.20534e-07
-3.218	2.33714e-07
-3.22	2.47485e-07
-3.222	2.61857e-07
-3.224	2.76842e-07
-3.226	2.92451e-07
-3.228	3.08692e-07
-3.23	3.25575e-07
-3.232	3.43107e-07
-3.234	3.61294e-07
-3.236	3.8014e-07
-3.238	3.9965e-07
-3.24	4.19825e-07
-3.242	4.40666e-07
-3.244	4.62171e-07
-3.246	4.84339e-07
-3.248	5.07164e-07
-3.25	5.30639e-07
-3.252	5.54758e-07
-3.254	5.79509e-07
-3.256	6.0488e-07
-3.258	6.30857e-07
-3.26	6.57423e-07
-3.262	6.8456e-07
-3.264	7.12247e-07
-3.266	7.40462e-07
-3.268	7.69179e-07
-3.27	7.9837e-07
-3.272	8.28007e-07
-3.274	8.58057e-07
-3.276	8.88486e-07
-3.278	9.19259e-07
-3.28	9.50337e-07
-3.282	9.81681e-07
-3.284	1.01325e-06
-3.286	1.04499e-06
-3.288	1.07687e-06
-3.29	1.10883e-06
-3.292	1.14083e-06
-3.294	1.17281e-06
-3.296	1.20473e-06
-3.298	1.23652e-06
-3.3	1.26814e-06
-3.302	1.29953e-06
-3.304	1.33063e-06
-3.306	1.36138e-06
-3.308	1.39173e-06
-3.31	1.42162e-06
-3.312	1.45099e-06
-3.314	1.47978e-06
-3.316	1.50794e-06
-3.318	1.5354e-06
-3.32	1.56212e-06
-3.322	1.58802e-06
-3.324	1.61307e-06
-3.326	1.6372e-06
-3.328	1.66036e-06
-3.33	1.68251e-06
-3.332	1.70358e-06
-3.334	1.72355e-06
-3.336	1.74235e-06
-3.338	1.75994e-06
-3.34	1.7763e-06
-3.342	1.79137e-06
-3.344	1.80512e-06
-3.346	1.81753e-06
-3.348	1.82856e-06
-3.35	1.83818e-06
-3.352	1.84637e-06
-3.354	1.85312e-06
-3.356	1.85841e-06
-3.358	1.86222e-06
-3.36	1.86455e-06
-3.362	1.86539e-06
-3.364	1.86473e-06
-3.366	1.86259e-06
-3.368	1.85896e-06
-3.37	1.85385e-06
-3.372	1.84728e-06
-3.374	1.83926e-06
-3.376	1.82981e-06
-3.378	1.81895e-06
-3.38	1.80672e-06
-3.382	1.79312e-06
-3.384	1.77821e-06
-3.386	1.76201e-06
-3.388	1.74457e-06
-3.39	1.72591e-06
-3.392	1.70609e-06
-3.394	1.68515e-06
-3.396	1.66314e-06
-3.398	1.64009e-06
-3.4	1.61608e-06
-3.402	1.59114e-06
-3.404	1.56534e-06
-3.406	1.53872e-06
-3.408	1.51135e-06
-3.41	1.48328e-06
-3.412	1.45456e-06
-3.414	1.42526e-06
-3.416	1.39543e-06
-3.418	1.36514e-06
-3.42	1.33444e-06
-3.422	1.30338e-06
-3.424	1.27203e-06
-3.426	1.24044e-06
-3.428	1.20867e-06
-3.43	1.17677e-06
-3.432	1.1448e-06
-3.434	1.11281e-06
-3.436	1.08084e-06
-3.438	1.04896e-06
-3.44	1.01721e-06
-3.442	9.85625e-07
-3.444	9.54262e-07
-3.446	9.23161e-07
-3.448	8.92361e-07
-3.45	8.61901e-07
-3.452	8.31819e-07
-3.454	8.02146e-07
-3.456	7.72918e-07
-3.458	7.44162e-07
-3.46	7.15907e-07
-3.462	6.88178e-07
-3.464	6.60999e-07
-3.466	6.34391e-07
-3.468	6.08374e-07
-3.47	5.82963e-07
-3.472	5.58174e-07
-3.474	5.34019e-07
-3.476	5.1051e-07
-3.478	4.87655e-07
-3.48	4.65461e-07
-3.482	4.43933e-07
-3.484	4.23075e-07
-3.486	4.02888e-07
-3.488	3.83372e-07
-3.49	3.64526e-07
-3.492	3.46347e-07
-3.494	3.28831e-07
-3.496	3.11972e-07
-3.498	2.95764e-07
-3.5	2.80199e-07
-3.502	2.65268e-07
-3.504	2.50962e-07
-3.506	2.37269e-07
-3.508	2.24179e-07
-3.51	2.1168e-07
-3.512	1.99759e-07
-3.514	1.88403e-07
-3.516	1.77599e-07
-3.518	1.67332e-07
-3.52	1.57589e-07
-3.522	1.48355e-07
-3.524	1.39615e-07
-3.526	1.31355e-07
-3.528	1.23561e-07
-3.53	1.16216e-07
-3.532	1.09308e-07
-3.534	1.02821e-07
-3.536	9.67403e-08
-3.538	9.10526e-08
-3.54	8.57435e-08
-3.542	8.07994e-08
-3.544	7.62069e-08
-3.546	7.19529e-08
-3.548	6.80247e-08
-3.55	6.441e-08
-3.552	6.10968e-08
-3.554	5.80735e-08
-3.556	5.5329e-08
-3.558	5.28527e-08
-3.56	5.06342e-08
-3.562	4.86639e-08
-3.564	4.69323e-08
-3.566	4.54305e-08
-3.568	4.41502e-08
-3.57	4.30833e-08
-3.572	4.22224e-08
-3.574	4.15603e-08
-3.576	4.10905e-08
-3.578	4.08068e-08
-3.58	4.07034e-08
-3.582	4.0775e-08
-3.584	4.10168e-08
-3.586	4.14243e-08
-3.588	4.19933e-08
-3.59	4.27202e-08
-3.592	4.36017e-08
-3.594	4.46348e-08
-3.596	4.5817e-08
-3.598	4.7146e-08
-3.6	4.862e-08
-3.602	5.02375e-08
-3.604	5.1997e-08
-3.606	5.38979e-08
-3.608	5.59394e-08
-3.61	5.81212e-08
-3.612	6.04433e-08
-3.614	6.29059e-08
-3.616	6.55095e-08
-3.618	6.82548e-08
-3.62	7.11428e-08
-3.622	7.41748e-08
-3.624	7.73522e-08
-3.626	8.06766e-08
-3.628	8.415e-08
-3.63	8.77744e-08
-3.632	9.15521e-08
-3.634	9.54856e-08
-3.636	9.95774e-08
-3.638	1.0383e-07
-3.64	1.08248e-07
-3.642	1.12832e-07
-3.644	1.17587e-07
-3.646	1.22516e-07
-3.648	1.27621e-07
-3.65	1.32908e-07
-3.652	1.38379e-07
-3.654	1.44038e-07
-3.656	1.49889e-07
-3.658	1.55936e-07
-3.66	1.62182e-07
-3.662	1.68631e-07
-3.664	1.75287e-07
-3.666	1.82153e-07
-3.668	1.89234e-07
-3.67	1.96532e-07
-3.672	2.04051e-07
-3.674	2.11795e-07
-3.676	2.19766e-07
-3.678	2.27968e-07
-3.68	2.36402e-07
-3.682	2.45072e-07
-3.684	2.53979e-07
-3.686	2.63125e-07
-3.688	2.72512e-07
-3.69	2.8214e-07
-3.692	2.9201e-07
-3.694	3.02123e-07
-3.696	3.12477e-07
-3.698	3.23071e-07
-3.7	3.33905e-07
-3.702	3.44976e-07
-3.704	3.56281e-07
-3.706	3.67816e-07
-3.708	3.79579e-07
-3.71	3.91563e-07
-3.712	4.03764e-07
-3.714	4.16174e-07
-3.716	4.28787e-07
-3.718	4.41594e-07
-3.72	4.54588e-07
-3.722	4.67757e-07
-3.724	4.81091e-07
-3.726	4.94579e-07
-3.728	5.08209e-07
-3.73	5.21967e-07
-3.732	5.35838e-07
-3.734	5.49809e-07
-3.736	5.63862e-07
-3.738	5.77982e-07
-3.74	5.9215e-07
-3.742	6.06348e-07
-3.744	6.20557e-07
-3.746	6.34757e-07
-3.748	6.48927e-07
-3.75	6.63045e-07
-3.752	6.7709e-07
-3.754	6.91039e-07
-3.756	7.04869e-07
-3.758	7.18556e-07
-3.76	7.32075e-07
-3.762	7.45404e-07
-3.764	7.58516e-07
-3.766	7.71388e-07
-3.768	7.83993e-07
-3.77	7.96308e-07
-3.772	8.08307e-07
-3.774	8.19965e-07
-3.776	8.31258e-07
-3.778	8.42161e-07
-3.78	8.5265e-07
-3.782	8.62701e-07
-3.784	8.72293e-07
-3.786	8.81401e-07
-3.788	8.90005e-07
-3.79	8.98085e-07
-3.792	9.05619e-07
-3.794	9.12589e-07
-3.796	9.18977e-07
-3.798	9.24767e-07
-3.8	9.29943e-07
-3.802	9.3449e-07
-3.804	9.38395e-07
-3.806	9.41648e-07
-3.808	9.44237e-07
-3.81	9.46154e-07
-3.812	9.47392e-07
-3.814	9.47946e-07
-3.816	9.4781e-07
-3.818	9.46983e-07
-3.82	9.45464e-07
-3.822	9.43253e-07
-3.824	9.40354e-07
-3.826	9.3677e-07
-3.828	9.32507e-07
-3.83	9.27571e-07
-3.832	9.21973e-07
-3.834	9.15722e-07
-3.836	9.08831e-07
-3.838	9.01312e-07
-3.84	8.93181e-07
-3.842	8.84454e-07
-3.844	8.75147e-07
-3.846	8.65281e-07
-3.848	8.54875e-07
-3.85	8.43949e-07
-3.852	8.32526e-07
-3.854	8.20629e-07
-3.856	8.08282e-07
-3.858	7.9551e-07
-3.86	7.82337e-07
-3.862	7.68789e-07
-3.864	7.54894e-07
-3.866	7.40678e-07
-3.868	7.26168e-07
-3.87	7.11391e-07
-3.872	6.96376e-07
-3.874	6.81149e-07
-3.876	6.65739e-07
-3.878	6.50173e-07
-3.88	6.34478e-07
-3.882	6.18682e-07
-3.884	6.0281e-07
-3.886	5.8689e-07
-3.888	5.70946e-07
-3.89	5.55005e-07
-3.892	5.39091e-07
-3.894	5.23226e-07
-3.896	5.07436e-07
-3.898	4.91741e-07
-3.9	4.76164e-07
-3.902	4.60725e-07
-3.904	4.45443e-07
-3.906	4.30337e-07
-3.908	4.15425e-07
-3.91	4.00723e-07
-3.912	3.86248e-07
-3.914	3.72014e-07
-3.916	3.58033e-07
-3.918	3.4432e-07
-3.92	3.30885e-07
-3.922	3.17738e-07
-3.924	3.0489e-07
-3.926	2.92348e-07
-3.928	2.8012e-07
-3.93	2.68212e-07
-3.932	2.56629e-07
-3.934	2.45376e-07
-3.936	2.34457e-07
-3.938	2.23874e-07
-3.94	2.13628e-07
-3.942	2.03721e-07
-3.944	1.94152e-07
-3.946	1.84922e-07
-3.948	1.76029e-07
-3.95	1.6747e-07
-3.952	1.59244e-07
-3.954	1.51346e-07
-3.956	1.43774e-07
-3.958	1.36522e-07
-3.96	1.29586e-07
-3.962	1.22961e-07
-3.964	1.1664e-07
-3.966	1.10618e-07
-3.968	1.04889e-07
-3.97	9.94454e-08
-3.972	9.42808e-08
-3.974	8.93878e-08
-3.976	8.47591e-08
-3.978	8.03872e-08
-3.98	7.62645e-08
-3.982	7.23831e-08
-3.984	6.87354e-08
-3.986	6.53133e-08
-3.988	6.21089e-08
-3.99	5.91144e-08
-3.992	5.63219e-08
-3.994	5.37234e-08
-3.996	5.13112e-08
-3.998	4.90774e-08
-4	4.70145e-08
-4.002	4.51149e-08
-4.004	4.33711e-08
-4.006	4.17758e-08
-4.008	4.03217e-08
-4.01	3.90018e-08
-4.012	3.78091e-08
-4.014	3.67369e-08
-4.016	3.57786e-08
-4.018	3.49277e-08
-4.02	3.41779e-08
-4.022	3.3523e-08
-4.024	3.29571e-08
-4.026	3.24745e-08
-4.028	3.20694e-08
-4.03	3.17365e-08
-4.032	3.14705e-08
-4.034	3.12662e-08
-4.036	3.11187e-08
-4.038	3.10233e-08
-4.04	3.09754e-08
-4.042	3.09704e-08
-4.044	3.10043e-08
-4.046	3.10727e-08
-4.048	3.11718e-08
-4.05	3.12978e-08
-4.052	3.1447e-08
-4.054	3.1616e-08
-4.056	3.18014e-08
-4.058	3.19999e-08
-4.06	3.22087e-08
-4.062	3.24247e-08
-4.064	3.26452e-08
-4.066	3.28676e-08
-4.068	3.30894e-08
-4.07	3.33082e-08
-4.072	3.35219e-08
-4.074	3.37283e-08
-4.076	3.39254e-08
-4.078	3.41116e-08
-4.08	3.42849e-08
-4.082	3.4444e-08
-4.084	3.45872e-08
-4.086	3.47134e-08
-4.088	3.48212e-08
-4.09	3.49095e-08
-4.092	3.49774e-08
-4.094	3.50241e-08
-4.096	3.50486e-08
-4.098	3.50504e-08
-4.1	3.50289e-08
-4.102	3.49837e-08
-4.104	3.49144e-08
-4.106	3.48208e-08
-4.108	3.47027e-08
-4.11	3.45601e-08
-4.112	3.43929e-08
-4.114	3.42014e-08
-4.116	3.39856e-08
-4.118	3.3746e-08
-4.12	3.34828e-08
-4.122	3.31964e-08
-4.124	3.28875e-08
-4.126	3.25564e-08
-4.128	3.2204e-08
-4.13	3.18308e-08
-4.132	3.14376e-08
-4.134	3.10252e-08
-4.136	3.05945e-08
-4.138	3.01463e-08
-4.14	2.96815e-08
-4.142	2.92011e-08
-4.144	2.87061e-08
-4.146	2.81975e-08
-4.148	2.76763e-08
-4.15	2.71436e-08
-4.152	2.66005e-08
-4.154	2.6048e-08
-4.156	2.54872e-08
-4.158	2.49193e-08
-4.16	2.43452e-08
-4.162	2.37661e-08
-4.164	2.31831e-08
-4.166	2.25972e-08
-4.168	2.20096e-08
-4.17	2.14211e-08
-4.172	2.08329e-08
-4.174	2.0246e-08
-4.176	1.96613e-08
-4.178	1.90798e-08
-4.18	1.85025e-08
-4.182	1.79302e-08
-4.184	1.73639e-08
-4.186	1.68043e-08
-4.188	1.62523e-08
-4.19	1.57086e-08
-4.192	1.51741e-08
-4.194	1.46494e-08
-4.196	1.41353e-08
-4.198	1.36324e-08
-4.2	1.31413e-08
-4.202	1.26626e-08
-4.204	1.21969e-08
-4.206	1.17446e-08
-4.208	1.13064e-08
-4.21	1.08827e-08
-4.212	1.04739e-08
-4.214	1.00805e-08
-4.216	9.70282e-09
-4.218	9.34126e-09
-4.22	8.99617e-09
-4.222	8.66788e-09
-4.224	8.3567e-09
-4.226	8.06293e-09
-4.228	7.78685e-09
-4.23	7.52871e-09
-4.232	7.28876e-09
-4.234	7.06725e-09
-4.236	6.86441e-09
-4.238	6.68044e-09
-4.24	6.51558e-09
-4.242	6.37002e-09
-4.244	6.24397e-09
-4.246	6.13763e-09
-4.248	6.05119e-09
-4.25	5.98485e-09
-4.252	5.93881e-09
-4.254	5.91325e-09
-4.256	5.90838e-09
-4.258	5.92439e-09
-4.26	5.96147e-09
-4.262	6.01983e-09
-4.264	6.09965e-09
-4.266	6.20114e-09
-4.268	6.32449e-09
-4.27	6.4699e-09
-4.272	6.63757e-09
-4.274	6.82768e-09
-4.276	7.04043e-09
-4.278	7.27599e-09
-4.28	7.53455e-09
-4.282	7.81627e-09
-4.284	8.12132e-09
-4.286	8.44983e-09
-4.288	8.80195e-09
-4.29	9.1778e-09
-4.292	9.57746e-09
-4.294	1.0001e-08
-4.296	1.04486e-08
-4.298	1.09201e-08
-4.3	1.14156e-08
-4.302	1.19351e-08
-4.304	1.24785e-08
-4.306	1.30457e-08
-4.308	1.36366e-08
-4.31	1.42511e-08
-4.312	1.48888e-08
-4.314	1.55495e-08
-4.316	1.62331e-08
-4.318	1.69389e-08
-4.32	1.76668e-08
-4.322	1.84161e-08
-4.324	1.91864e-08
-4.326	1.99772e-08
-4.328	2.07877e-08
-4.33	2.16172e-08
-4.332	2.24651e-08
-4.334	2.33305e-08
-4.336	2.42124e-08
-4.338	2.511e-08
-4.34	2.60223e-08
-4.342	2.69481e-08
-4.344	2.78864e-08
-4.346	2.88359e-08
-4.348	2.97953e-08
-4.35	3.07634e-08
-4.352	3.17388e-08
-4.354	3.272e-08
-4.356	3.37056e-08
-4.358	3.4694e-08
-4.36	3.56836e-08
-4.362	3.66729e-08
-4.364	3.76601e-08
-4.366	3.86435e-08
-4.368	3.96214e-08
-4.37	4.05921e-08
-4.372	4.15537e-08
-4.374	4.25045e-08
-4.376	4.34426e-08
-4.378	4.43662e-08
-4.38	4.52735e-08
-4.382	4.61627e-08
-4.384	4.70319e-08
-4.386	4.78793e-08
-4.388	4.87032e-08
-4.39	4.95018e-08
-4.392	5.02735e-08
-4.394	5.10164e-08
-4.396	5.17291e-08
-4.398	5.24099e-08
-4.4	5.30572e-08
-4.402	5.36697e-08
-4.404	5.42459e-08
-4.406	5.47845e-08
-4.408	5.52843e-08
-4.41	5.57441e-08
-4.412	5.61628e-08
-4.414	5.65395e-08
-4.416	5.68732e-08
-4.418	5.71632e-08
-4.42	5.74087e-08
-4.422	5.76093e-08
-4.424	5.77643e-08
-4.426	5.78735e-08
-4.428	5.79366e-08
-4.43	5.79534e-08
-4.432	5.79239e-08
-4.434	5.78481e-08
-4.436	5.77263e-08
-4.438	5.75587e-08
-4.44	5.73458e-08
-4.442	5.7088e-08
-4.444	5.6786e-08
-4.446	5.64405e-08
-4.448	5.60523e-08
-4.45	5.56223e-08
-4.452	5.51515e-08
-4.454	5.46411e-08
-4.456	5.40922e-08
-4.458	5.35061e-08
-4.46	5.28841e-08
-4.462	5.22277e-08
-4.464	5.15383e-08
-4.466	5.08175e-08
-4.468	5.00669e-08
-4.47	4.9288e-08
-4.472	4.84826e-08
-4.474	4.76525e-08
-4.476	4.67993e-08
-4.478	4.59249e-08
-4.48	4.5031e-08
-4.482	4.41194e-08
-4.484	4.31921e-08
-4.486	4.22507e-08
-4.488	4.12971e-08
-4.49	4.03331e-08
-4.492	3.93605e-08
-4.494	3.83811e-08
-4.496	3.73965e-08
-4.498	3.64085e-08
-4.5	3.54188e-08
-4.502	3.4429e-08
-4.504	3.34407e-08
-4.506	3.24554e-08
-4.508	3.14747e-08
-4.51	3.04999e-08
-4.512	2.95324e-08
-4.514	2.85735e-08
-4.516	2.76246e-08
-4.518	2.66868e-08
-4.52	2.57612e-08
-4.522	2.48488e-08
-4.524	2.39508e-08
-4.526	2.30679e-08
-4.528	2.22011e-08
-4.53	2.13512e-08
-4.532	2.05187e-08
-4.534	1.97045e-08
-4.536	1.89091e-08
-4.538	1.8133e-08
-4.54	1.73766e-08
-4.542	1.66403e-08
-4.544	1.59245e-08
-4.546	1.52294e-08
-4.548	1.45551e-08
-4.55	1.3902e-08
-4.552	1.32699e-08
-4.554	1.26591e-08
-4.556	1.20693e-08
-4.558	1.15006e-08
-4.56	1.09529e-08
-4.562	1.0426e-08
-4.564	9.91976e-09
-4.566	9.43385e-09
-4.568	8.96803e-09
-4.57	8.52201e-09
-4.572	8.09545e-09
-4.574	7.68798e-09
-4.576	7.29922e-09
-4.578	6.92875e-09
-4.58	6.57614e-09
-4.582	6.24095e-09
-4.584	5.92269e-09
-4.586	5.6209e-09
-4.588	5.33507e-09
-4.59	5.06472e-09
-4.592	4.80932e-09
-4.594	4.56836e-09
-4.596	4.34133e-09
-4.598	4.1277e-09
-4.6	3.92695e-09
-4.602	3.73856e-09
-4.604	3.56202e-09
-4.606	3.39681e-09
-4.608	3.24241e-09
-4.61	3.09834e-09
-4.612	2.96408e-09
-4.614	2.83916e-09
-4.616	2.72309e-09
-4.618	2.61541e-09
-4.62	2.51566e-09
-4.622	2.42338e-09
-4.624	2.33815e-09
-4.626	2.25954e-09
-4.628	2.18713e-09
-4.63	2.12053e-09
-4.632	2.05936e-09
-4.634	2.00324e-09
-4.636	1.9518e-09
-4.638	1.90472e-09
-4.64	1.86165e-09
-4.642	1.82227e-09
-4.644	1.78629e-09
-4.646	1.7534e-09
-4.648	1.72334e-09
-4.65	1.69583e-09
-4.652	1.67063e-09
-4.654	1.6475e-09
-4.656	1.62621e-09
-4.658	1.60655e-09
-4.66	1.58832e-09
-4.662	1.57133e-09
-4.664	1.5554e-09
-4.666	1.54037e-09
-4.668	1.52609e-09
-4.67	1.5124e-09
-4.672	1.49918e-09
-4.674	1.48631e-09
-4.676	1.47367e-09
-4.678	1.46117e-09
-4.68	1.44869e-09
-4.682	1.43617e-09
-4.684	1.42353e-09
-4.686	1.41069e-09
-4.688	1.3976e-09
-4.69	1.38421e-09
-4.692	1.37046e-09
-4.694	1.35633e-09
-4.696	1.34177e-09
-4.698	1.32677e-09
-4.7	1.3113e-09
-4.702	1.29536e-09
-4.704	1.27892e-09
-4.706	1.26199e-09
-4.708	1.24456e-09
-4.71	1.22665e-09
-4.712	1.20826e-09
-4.714	1.18939e-09
-4.716	1.17008e-09
-4.718	1.15033e-09
-4.72	1.13018e-09
-4.722	1.10963e-09
-4.724	1.08872e-09
-4.726	1.06748e-09
-4.728	1.04594e-09
-4.73	1.02413e-09
-4.732	1.00208e-09
-4.734	9.79826e-10
-4.736	9.57406e-10
-4.738	9.34854e-10
-4.74	9.12208e-10
-4.742	8.89503e-10
-4.744	8.66776e-10
-4.746	8.44066e-10
-4.748	8.21408e-10
-4.75	7.9884e-10
-4.752	7.76397e-10
-4.754	7.54116e-10
-4.756	7.32031e-10
-4.758	7.10178e-10
-4.76	6.88589e-10
-4.762	6.67298e-10
-4.764	6.46336e-10
-4.766	6.25734e-10
-4.768	6.05522e-10
-4.77	5.85729e-10
-4.772	5.66382e-10
-4.774	5.47507e-10
-4.776	5.2913e-10
-4.778	5.11275e-10
-4.78	4.93964e-10
-4.782	4.7722e-10
-4.784	4.61062e-10
-4.786	4.45509e-10
-4.788	4.30581e-10
-4.79	4.16293e-10
-4.792	4.02661e-10
-4.794	3.89701e-10
-4.796	3.77425e-10
-4.798	3.65846e-10
-4.8	3.54975e-10
-4.802	3.44823e-10
-4.804	3.354e-10
-4.806	3.26714e-10
-4.808	3.18773e-10
-4.81	3.11582e-10
-4.812	3.0515e-10
-4.814	2.99479e-10
-4.816	2.94576e-10
-4.818	2.90442e-10
-4.82	2.87082e-10
-4.822	2.84497e-10
-4.824	2.82688e-10
-4.826	2.81656e-10
-4.828	2.81401e-10
-4.83	2.81922e-10
-4.832	2.83218e-10
-4.834	2.85286e-10
-4.836	2.88123e-10
-4.838	2.91726e-10
-4.84	2.96091e-10
-4.842	3.01212e-10
-4.844	3.07084e-10
-4.846	3.13699e-10
-4.848	3.21052e-10
-4.85	3.29132e-10
-4.852	3.37931e-10
-4.854	3.4744e-10
-4.856	3.57647e-10
-4.858	3.6854e-10
-4.86	3.80107e-10
-4.862	3.92334e-10
-4.864	4.05207e-10
-4.866	4.18708e-10
-4.868	4.32822e-10
-4.87	4.4753e-10
-4.872	4.62813e-10
-4.874	4.78651e-10
-4.876	4.95022e-10
-4.878	5.11904e-10
-4.88	5.29272e-10
-4.882	5.47102e-10
-4.884	5.65368e-10
-4.886	5.84042e-10
-4.888	6.03095e-10
-4.89	6.22498e-10
-4.892	6.42219e-10
-4.894	6.62226e-10
-4.896	6.82487e-10
-4.898	7.02967e-10
-4.9	7.23631e-10
-4.902	7.44442e-10
-4.904	7.65363e-10
-4.906	7.86357e-10
-4.908	8.07384e-10
-4.91	8.28405e-10
-4.912	8.49379e-10
-4.914	8.70268e-10
-4.916	8.91028e-10
-4.918	9.11619e-10
-4.92	9.31999e-10
-4.922	9.52127e-10
-4.924	9.71959e-10
-4.926	9.91456e-10
-4.928	1.01057e-09
-4.93	1.02927e-09
-4.932	1.04751e-09
-4.934	1.06525e-09
-4.936	1.08246e-09
-4.938	1.09908e-09
-4.94	1.11509e-09
-4.942	1.13044e-09
-4.944	1.14511e-09
-4.946	1.15906e-09
-4.948	1.17225e-09
-4.95	1.18466e-09
-4.952	1.19625e-09
-4.954	1.207e-09
-4.956	1.21688e-09
-4.958	1.22587e-09
-4.96	1.23394e-09
-4.962	1.24109e-09
-4.964	1.24728e-09
-4.966	1.2525e-09
-4.968	1.25675e-09
-4.97	1.26e-09
-4.972	1.26226e-09
-4.974	1.26351e-09
-4.976	1.26376e-09
-4.978	1.26299e-09
-4.98	1.26123e-09
-4.982	1.25845e-09
-4.984	1.25469e-09
-4.986	1.24993e-09
-4.988	1.2442e-09
-4.99	1.2375e-09
-4.992	1.22986e-09
-4.994	1.22129e-09
-4.996	1.21181e-09
-4.998	1.20144e-09
